2857 1139 1538 228 1208 5709 2354 4029 4352 235 4022 1291 5211 3655 861
259 1308 3593 2099 2887 2444 2509 2266 4143 2073 670 1688 2853 3529 1311
1195 2314 2279 3300 3949 221 5353 4733 5713 838 2580 5586 255 3383 76
1209 4596 1597 5494 5207 1101 657 4916 2640 260 3392 2511 4188 1749 5069
479 1961 5823 3797 938 1765 1142 2993 5794 1492 592 2514 4489 138 4477
2027 268 1854 1237 1325 1963 571 3606 1764 4368 1587 5723 2823 3709 5866
588 3847 431 5917 3005 3046 5361 5946 5991 2307 48 418 4771 605 4582
2570 4376 1114 1981 1445 861 4534 2804 1799 3903 4156 1216 1963 4878 2069
1269 2424 3799 4984 4272 3635 2592 5218 1239 5504 5744 4307 1010 5458 837
592 2653 3913 2156 3605 344 625 1853 1601 3081 5702 1038 5954 5993 3071
1579 2365 1325 3252 5561 1214 4141 3284 5783 216 3550 1544 4637 5576 1702
1197 4870 4094 4578 3842 5128 3288 1953 1794 1412 1863 5342 2171 1564 583
607 4230 4912 2747 4000 5050 4479 625 166 4747 5598 4948 5193 4976 3291
2761 408 2889 1725 2544 5779 465 3725 3062 4368 929 5947 4996 4973 4241
109 2324 2357 2042 4617 3068 845 1664 1647 176 1575 4166 4167 1613 5391
2395 4171 5329 5866 4085 2744 2001 197 4187 4145 1527 5814 4641 5493 5961
1196 2036 2066 1176 766 3231 355 743 5966 3369 2322 5377 715 4051 3934
526 1034 2321 5618 3747 4675 1306 2668 1773 5194 1519 3653 464 70 4234
1616 3404 5687 2531 3407 3994 1670 5848 2689 707 1997 309 5872 5692 4276
1264 4469 5044 4154 937 2751 281 4785 610 1194 3129 1126 445 1152 4406
1096 2999 5839 2087 1795 427 2242 2283 1373 3920 5921 3000 1658 5172 1072
2627 762 822 1018 3932 4006 5808 5323 4551 3297 3962 4063 2763 3875 4546
2996 293 2285 3889 763 3959 642 2100 5104 232 2390 3537 5409 1907 241
317 5317 3003 4760 5046 3440 5646 5842 4216 5377 4671 2094 5621 1978 5836
857 1078 5257 2888 5005 1812 3711 3789 2272 1633 216 5994 1621 2306 954
355 4071 5084 4380 5980 4854 5978 5207 1427 2805 2135 4931 4736 3085 3081
2715 3689 1151 970 4194 613 4628 1283 3425 4020 737 5964 597 459 2220
295 4989 283 3810 3850 4762 4044 5742 1882 1647 4471 3160 1503 1036 2280
1239 2389 2929 3708 2253 4109 1530 5749 2759 159 154 4551 5576 4070 2736
0 726 4588 3190 2252 6008 4561 3698 640 2838 1010 1529 955 4347 1216
1213 5222 93 1715 183 1145 904 2192 4888 1170 3049 5216 5889 1373 2476
2915 1734 1048 4378 2069 5821 2876 1142 2395 3321 3696 4115 3513 713 1022
456 1889 5555 2660 3484 3376 4271 1013 3861 1089 3311 702 1881 3431 5623
3577 3572 1380 4421 5206 3593 4055 2045 4199 5407 2306 4522 4234 4675 5394
1199 240 502 3465 4489 2169 1026 869 4245 254 127 2415 1916 2516 5228
540 2004 451 5776 5425 644 356 2764 1006 5995 2786 4867 1336 3497 3373
2986 4794 5169 530 1218 5957 5917 2411 4601 207 3030 5969 5262 2231 2953
1258 2131 4792 605 5426 1145 4936 1853 673 183 3556 2486 3583 4251 4418
49 1079 3881 4698 3382 192 1243 4698 3108 169 2415 4574 6005 5846 3674
33 3094 54 4244 1658 4233 4338 5279 5634 4561 1934 5046 3730 5837 5116
2790 3769 355 4927 4246 1559 5776 4885 5699 901 2967 955 3171 3153 851
779 4333 3586 4791 1579 2927 5372 1036 1948 1302 1277 3604 2482 3230 5741
3174 5205 1301 5721 5247 5797 2655 4780 1172 3123 1699 3031 4656 2861 2349
1192 4190 5046 1399 5239 2378 948 2661 969 2092 220 4499 1492 2778 971
918 5865 4176 3822 3403 2626 5957 97 2962 1613 957 772 427 3834 3272
923 2555 5127 560 5738 2166 4790 3216 5852 1939 1146 197 3400 3291 683
1126 160 4097 99 4798 2641 4904 2514 3999 3812 791 2202 3648 1475 2211
2354 1616 1527 2037 2516 662 459 2960 2041 3684 1008 4277 2717 1712 5070
1386 3276 4523 596 1718 1380 4913 4598 5869 4154 5250 876 1632 1931 830
1220 1892 4574 154 392 173 254 4166 5560 5744 4448 4193 500 4595 148
911 3127 3643 4351 4053 4218 5771 4943 1345 1331 3446 4397 453 1916 5875
1035 5170 482 4395 3012 2481 1866 3243 421 2032 2190 5205 2609 5921 4699
1212 177 2599 3226 2423 2039 4079 245 3897 2814 1963 2191 3745 3517 4747
1609 3049 1401 5758 1219 5140 2125 5026 1695 5783 3424 4399 4353 4896 2580
376 3958 1354 3341 1860 4906 5156 4279 2833 5586 5864 1100 2026 4441 1856
1290 724 4099 3228 3224 5944 257 1272 3800 378 4887 5365 2919 2878 3515
1999 3290 1202 1152 889 985 5314 1887 3712 2346 5995 4408 4254 153 5817
1135 5254 5828 5911 4731 1765 2817 2736 675 4410 5455 2521 4386 5708 4697
3113 715 4523 4069 5585 3919 366 3571 3590 4897 449 2098 2853 5162 5537
1306 3613 3485 5976 2118 5115 3620 2387 3029 1078 2755 2173 5026 4388 5635
1703 2537 549 157 3795 5861 1830 1794 3906 3443 3469 5346 5956 818 2490
1720 5755 186 1503 5167 4653 2629 5387 1818 4771 1920 2295 511 4435 5591
1967 5351 5634 411 2366 5795 1906 2101 5809 1899 906 1884 5618 1079 1262
647 2629 3737 4974 5973 673 4058 229 3562 881 3491 5557 1279 3290 4448
2598 5786 4967 1737 2376 5547 3768 507 55 4106 2145 6030 5714 311 5405
31 4042 2687 5151 113 3491 2519 4958 502 1938 5957 4708 3564 5612 1451
3792 1100 510 1189 1005 235 204 3864 4756 1397 1297 6019 1297 2586 5519
2173 2705 6014 713 1076 4033 1367 5883 3107 5319 606 405 5595 4185 398
2796 4210 123 3518 4570 4392 1635 3945 4998 1520 1692 4173 3527 2812 4947
2290 3741 4505 268 4864 2865 4016 580 2491 1427 2870 5680 780 4691 5532
2917 343 3158 2364 5313 1231 3808 121 3363 5389 2029 4140 2957 133 3736
589 2860 5049 2502 3914 4367 414 368 1229 3040 4328 5848 3993 271 3254
2958 3380 2119 4969 3936 784 119 978 1853 1447 1037 4342 2797 2189 5180
3470 3466 3898 682 3858 4724 4948 881 5101 5354 1817 866 4921 3557 2741
1373 3540 3767 3510 2218 2683 4688 410 567 3768 3372 2921 1004 728 2454
1393 303 5038 1491 3701 507 4195 965 3992 5835 5760 5720 565 4744 2970
2682 4342 2056 5503 3589 1227 3164 554 3314 3839 4098 264 3740 4115 3251
591 3353 3472 295 1748 5433 1823 1299 1125 2358 2992 2187 2557 1913 2419
1783 4690 5758 1119 576 4772 118 5982 3940 2905 2208 2447 5024 1196 3881
1572 162 1325 1420 5266 2751 2629 2567 4099 1756 888 4136 3224 617 3472
1303 796 2006 4307 2536 5842 5524 3130 336 5877 149 2393 2631 997 3643
3417 1814 1866 2618 892 4532 2565 3416 489 3427 1996 405 1787 1064 36
222 3748 3999 1928 5630 2005 895 798 650 5713 3600 637 338 3458 712
379 5511 1151 4802 3612 4329 4214 4280 3023 1898 3212 2056 4541 3900 2456
2705 1769 3139 3631 259 1088 2878 2985 5274 4628 3111 890 2278 1433 4346
1224 5599 5659 4924 3641 747 2793 1527 5332 1224 1577 3725 3708 5757 1009
1583 3923 2088 262 4046 1452 91 1049 4265 4219 5654 1150 5394 2178 4469
1526 4485 943 5704 191 1920 1598 3648 3544 5607 2995 1798 2160 3996 5132
3480 4989 1067 3977 3859 4144 5315 5880 1588 6023 3586 1234 1499 4811 3080
1922 780 3437 1244 4636 5396 5083 2100 1345 3725 1582 5983 3709 1391 4235
749 3393 5385 230 295 3158 1515 3898 544 1401 1528 2775 4794 4826 5223
2698 2383 634 1671 1050 2795 3378 256 2315 588 1880 1247 3630 1737 3558
38 4825 521 4918 2899 4560 3593 5323 536 3205 5343 2746 4939 3547 4019
20 3470 5428 3882 5217 2470 1349 4034 5000 1104 3538 4627 843 3017 3751
1392 2099 4640 3018 4800 5837 2706 58 5859 4194 728 1792 4623 662 2978
2803 4811 2208 3566 4654 2907 1412 3576 2258 470 5806 2343 1676 2267 2298
587 1317 1495 5149 2585 3309 5927 2412 3458 4922 5317 1345 2430 1727 615
2405 1549 4816 3445 4814 1918 4738 1307 4557 1755 1236 149 3585 3245 609
1219 4028 5090 2716 4380 5848 1359 4774 4604 5131 1027 3614 2239 2689 1153
732 4903 4870 5634 4353 2833 5807 3368 79 4132 4126 3681 3792 1648 6027
1229 928 5702 5120 2024 4453 3285 5769 4637 1582 4937 2393 5892 2373 3146
3175 407 5492 384 5917 3868 5455 1794 325 5156 2395 261 452 3186 4868
1960 3001 679 5171 1128 520 1317 5211 2289 3900 5355 2155 4471 2323 4698
3750 4778 1925 2737 3378 4007 687 3775 197 4681 3318 885 4242 2564 534
1078 3855 573 594 5060 5344 3685 1943 1696 3544 2576 438 4762 4283 5070
907 1542 1873 2948 4685 2793 5160 1052 937 829 5918 3321 5050 4051 1284
3407 1765 538 4111 881 551 167 2259 3085 2468 1199 1831 45 2692 2517
1072 3952 1554 3834 4622 1102 4433 1206 2734 5326 5287 154 1366 2176 5451
3622 1977 3691 354 3715 1559 167 3442 4764 295 4598 1240 667 1824 3267
1355 2224 620 5003 814 1694 1331 2015 1565 1191 1243 3885 2021 3078 4473
3526 4963 264 4509 5182 3810 3579 5749 3129 596 2709 166 2000 1323 3676
2699 4410 4715 4074 3341 1142 4180 4751 5255 764 2780 2504 605 3503 1005
1218 2607 3391 5515 1566 2780 4211 166 4478 466 549 1183 4941 854 1242
1246 5412 5631 2130 4730 2426 107 1155 5112 919 1930 1635 1382 5593 1326
1088 1956 1851 2404 5263 5299 129 347 2928 1038 5353 2976 5064 1925 1345
1543 5228 275 1395 1368 6036 2022 4313 255 2767 4176 4145 1641 42 207
1221 869 1589 3674 2338 372 3333 3963 1917 943 3949 3677 1667 1555 2357
149 2992 3614 2177 4245 3475 1626 1301 1049 4043 5559 1877 2976 3824 4430
110 2094 345 2990 667 2294 2700 1869 3392 3616 5195 4459 1760 2458 1717
3752 3424 2565 5620 5831 4072 2262 1349 3695 1300 1572 4053 2477 1713 1228
2709 1189 4786 5241 784 1583 4609 2176 3229 5860 685 4708 1204 4381 2246
356 2690 925 1094 5115 5345 1897 986 2300 1181 4453 1811 3611 2643 4829
2656 2094 4317 948 1176 3855 5302 3732 3257 5597 4080 1484 2139 632 3489
1093 752 2890 2053 2249 4774 3450 5340 1388 4301 5580 5049 144 715 2778
1205 3097 2571 2418 3963 5105 4917 824 2123 3468 651 4287 1105 4325 5129
2984 5205 542 4460 1798 1714 1157 897 443 3418 2471 2455 1080 1236 1435
2639 3588 2374 1733 567 2058 6000 2038 2340 5572 2109 2359 1182 2207 132
3146 3413 3271 5056 1423 4756 3042 4207 4170 4033 4497 1537 5661 3276 5616
2394 3093 299 1636 4130 4592 2793 532 3533 5667 2537 1082 4325 5129 201
3420 2566 947 5526 6016 5981 3752 4057 1230 4359 5019 2039 2912 5463 4050
1516 4084 4816 132 1949 131 3304 4112 4958 3652 5271 29 3740 5763 702
1640 3411 5405 6016 5181 5674 2620 5912 1705 4356 259 5902 3140 3836 3966
1277 2589 3169 431 3083 808 68 1516 2178 3430 4018 5156 3511 2035 4344
1251 3897 752 2537 3304 2651 5229 983 5056 3385 1412 5815 3942 4022 5464
366 4855 5111 953 22 3489 3884 4187 2100 4902 4658 1968 1719 5281 4679
1357 3290 4894 5029 928 2191 4758 4230 4820 5054 2185 5610 4118 1916 1439
1207 4153 1131 4693 5249 3263 3546 5156 272 839 2384 4586 1063 5915 4071
1675 2872 5163 1273 5917 5070 2173 6020 4870 2858 1781 1570 5698 1837 2059
2099 3489 1403 5043 1573 1301 805 4387 103 1062 5298 5327 5678 700 1618
2528 3045 3979 918 3746 390 2565 326 1249 2696 787 2876 3965 4755 1010
2010 414 183 4727 1015 2841 1891 5788 1396 3564 2459 2358 4908 533 3497
2320 5925 4904 4228 5570 4353 2567 3391 5536 3964 3313 3827 3176 3411 1937
919 5745 4685 5026 1183 3651 404 3583 3077 3329 205 5068 4054 5413 3560
2323 3797 923 5613 1968 3038 5747 4471 4716 5689 1315 5798 996 150 2834
2011 3938 1394 1701 692 5035 2860 5061 1054 1867 3447 831 161 3993 937
1089 3720 435 3159 5271 2790 1567 2163 5739 1595 3441 1361 2661 4979 2931
46 1036 1968 2726 7 1410 305 3155 5366 5653 5227 3598 1089 1794 2866
1499 1457 2774 1207 3826 2629 5754 2411 4249 1163 895 4376 801 3212 2012
1369 3529 2720 1488 1473 938 2799 735 4284 2533 757 1884 3607 1390 1395
1953 2013 3993 1125 1145 5193 2464 4128 2688 5398 1306 5162 1418 5720 4222
1672 658 1196 1738 4942 4441 3391 5305 5475 3512 317 1262 5816 2592 4515
2114 4622 4352 4300 3407 420 5020 4461 3477 3975 3277 2311 4312 1953 1985
2193 3440 5701 5192 504 3225 2328 2300 1908 3147 649 5758 1889 1323 2018
1375 3370 4850 4198 6035 1998 2812 1487 4116 2902 4445 1949 4375 5916 3382
586 781 1076 2290 131 2655 1690 1086 901 2596 1408 5262 1687 1937 1177
363 1096 2123 2295 2344 3284 5084 1010 4381 3626 5657 5387 5864 3013 4440
3252 366 1767 5892 2629 133 4285 4797 1405 5825 3457 3177 1031 3029 628
3670 3737 2774 4693 5369 1019 1177 4853 5539 2209 3858 3491 1852 809 4940
1287 2880 5212 3054 3084 2302 5797 5685 5795 5622 4215 2747 5159 206 3803
315 4164 2957 1542 2106 1179 565 3516 5820 3775 2595 731 3352 3529 3771
922 4779 5934 4907 5870 3340 5122 2627 5502 748 3287 3850 448 4482 2572
3159 1281 1419 3868 2215 5482 2750 500 3130 3408 3226 1725 1998 892 5148
1241 5579 4736 1452 4439 5269 1346 2349 1184 4471 3729 928 4259 349 3840
735 3399 3618 3815 2528 1029 1164 4699 4069 4411 780 5622 3026 3270 4713
1916 4210 3055 3746 4550 3214 5210 5437 2329 5305 4506 5869 1152 5184 5605
1293 2833 4314 2559 1718 1440 3172 2247 3880 962 3945 4581 2715 3780 4048
3254 3633 3232 5371 3135 223 406 1980 5881 4654 2631 152 5530 3446 1779
1731 1860 1884 3255 3919 1228 2378 5654 551 5232 5182 125 1570 202 2626
3360 1422 3292 4581 4715 1383 1585 789 2955 3510 4424 4854 4073 4384 2956
1395 3717 5361 744 233 2051 78 1758 5706 179 3946 2949 816 4390 4277
2762 5995 5349 6000 5442 2970 3715 4161 4535 1733 219 4195 4775 3213 5150
1257 4036 4055 2847 3469 1544 1774 5481 1364 3202 3567 5723 1050 4686 4880
2301 2761 3557 56 5518 5082 5195 580 577 5698 2332 2777 3702 1812 514
3447 1992 3999 1632 4755 4841 3698 1157 585 3692 5048 3339 2414 730 1448
1652 174 315 284 2202 4967 490 4091 1582 5894 3484 1206 2190 1442 175
1607 5779 2269 3081 4638 3372 4067 3379 4709 2039 3163 2228 5798 4809 6011
1390 746 5916 4031 2 4989 1818 6036 5762 4944 4382 1119 3101 4450 1816
2691 3726 1020 4059 49 4687 460 2597 5541 2844 181 151 1754 4953 2057
2454 5265 5035 1816 5765 2028 3666 4145 155 378 663 4790 1465 1072 4131
3080 1091 1792 2635 1952 4397 1912 4053 4176 1982 603 4346 2770 2878 1548
3701 3778 3169 4028 1285 993 1314 3213 1821 3704 4204 4439 3308 2815 4663
2267 2280 1355 2937 3481 3834 5707 5502 4674 1050 577 4523 855 5829 3441
594 3317 5778 1281 1850 4427 4048 3295 1266 5727 800 2228 4490 5203 2357
348 3993 3738 5726 3346 3836 3625 1628 2759 4375 1922 1303 4320 5686 4767
968 5273 183 4816 1612 1753 4979 2838 4555 1622 5737 2550 2272 3589 5673
3255 4483 2516 3354 4109 3684 3464 2666 2521 3827 3824 3687 4569 5058 3612
903 4738 5008 233 5501 245 4802 3464 840 5907 1477 1921 2521 54 2375
1233 1299 3768 834 2726 5445 2205 3975 5482 1193 5594 4907 5692 4022 3990
596 2820 2926 5580 1717 3622 2454 111 2241 3168 1979 4384 915 123 772
1673 1022 2948 392 251 4441 1545 5847 58 86 4167 1769 520 4313 939
2053 3503 3675 2989 1422 1586 4046 4306 729 947 2481 5599 3589 2788 5389
912 2785 4811 2183 4980 2627 1061 5874 5589 4117 1110 3675 2590 2795 3851
2080 3703 502 750 1506 1899 4218 3360 3314 1805 1623 1656 5744 1759 1981
3702 5378 5944 2203 3596 4417 344 5286 3423 2937 853 1812 2599 5038 3379
10 5431 3981 927 2923 5185 5783 916 4586 4002 1199 764 4754 3683 3958
1376 5172 735 3579 3841 2078 2365 3229 2580 780 1726 4903 3805 1113 970
2889 4798 3272 2423 450 5714 207 1840 839 3792 1279 2483 1194 905 5613
3754 2608 549 1529 1956 3956 2375 3530 633 5062 812 2571 384 4909 3448
1027 2186 1329 1110 3328 1051 4543 2571 2106 3934 3738 3615 4496 5742 727
2000 4801 1319 3785 2383 611 3433 5958 3527 5167 4261 749 955 2814 5382