2857 1139 4022 4029 5709 228 1208 235
259 1311 3529 1308 2509 2073 2887 4143
1195 2279 838 4733 255 3383 3300 5353
1209 1101 2640 1597 2511 5207 260 4596
479 1961 4477 4489 1765 938 5823 1142
2027 3606 1854 4368 1325 1764 3709 1587
588 3005 431 418 2307 3847 48 5917
2570 1445 4534 1216 861 4156 4376 1799
1269 1010 5504 2424 5458 3799 5744 4272
592 2156 3081 3913 5702 625 1038 5954
1579 1325 4141 4637 3550 5576 1544 216
1197 5342 3288 1794 4094 3842 4578 2171
607 625 4747 166 2747 5050 5193 4948
2761 929 4368 4241 5779 2544 3062 465
109 845 1647 1575 2324 4167 1664 4166
2395 5961 4085 4171 5493 4187 5329 4641
1196 5377 2036 355 743 3934 766 715
526 2668 2321 5194 1306 5618 1773 1519
1616 309 3994 4276 5848 2689 3404 3407
1264 2751 937 1194 3129 5044 4154 4785
1096 1658 2242 2999 1373 3000 1795 5172
2627 2763 3297 5808 4006 762 822 1018
2996 3889 232 5409 763 2100 293 5104
317 5836 5621 5377 3440 1978 5317 5046
857 2888 5257 216 3789 954 2272 5005
355 4736 5084 4854 3081 5980 4071 3085
2715 597 737 4194 1151 970 5964 3425
295 1647 4762 1036 3850 4471 1882 4989
1239 5576 1530 2929 4109 2736 4070 5749
0 726 4561 1010 3190 4347 4588 955
1213 1145 93 183 1170 1373 4888 904
2915 5821 713 4115 2876 3513 4378 2395
456 4271 3311 5555 1889 5623 1089 3431
3577 5206 1380 4421 5394 5407 4055 4522
1199 3465 4489 127 240 1916 4245 869
540 5995 2004 4867 644 2764 5776 2786
2986 2411 5957 4794 5917 2231 2953 1218
1258 2486 2131 1145 1853 673 5426 3556
49 1079 4574 3674 192 3108 5846 169
33 5116 1658 4561 54 5046 4233 5634
2790 5699 851 901 355 2967 955 3769
779 1579 1948 4333 1302 3230 3586 1277
3174 2861 3123 2655 1301 5205 5797 4656
1192 5046 5239 971 4190 2092 1399 948
918 97 3834 3403 4176 1613 3272 957
923 1939 5127 3216 2555 1146 5852 5738
1126 3999 2641 3812 3648 2211 4798 4904
2354 1712 2516 3684 4277 1616 2041 5070
1386 4598 4523 5250 876 1632 1931 830
1220 173 4448 4193 1892 254 4595 148
911 4943 4351 5771 1916 453 1331 3643
1035 3243 5205 2032 2481 5921 421 482
1212 3226 2039 4079 4747 1963 2814 245
1609 1219 5140 5026 2125 3424 5758 4353
376 4906 1354 5156 4441 3958 1860 4279
1290 2919 3224 3228 4887 2878 1272 3800
1999 1887 1202 4254 3290 5995 889 4408
1135 2736 4731 2817 4386 4410 2521 5455
3113 3919 2098 715 3590 2853 4523 4897
1306 2173 2118 4388 1078 3620 3029 5026
1703 5956 3469 549 1794 2537 157 818
1720 4653 1503 2629 1920 5387 4771 5755
1967 1262 5809 411 5634 5618 5795 1884
647 2629 4058 881 4448 3491 3562 673
2598 1737 5547 2145 3768 5786 2376 4967
31 3491 1451 4708 3564 4958 113 4042
3792 1297 5519 510 204 1397 235 1297
2173 4033 398 5595 713 606 5319 1367
2796 3518 4392 4947 3945 1635 4998 123
2290 4864 2865 2491 2870 1427 3741 780
2917 3808 2029 2957 343 3363 133 3158
589 271 3993 368 414 4328 5848 2860
2958 978 2119 2189 5180 784 1447 3380
3470 3858 881 4948 4921 1817 3898 3557
1373 3510 3768 1004 2454 567 2683 2921
1393 5720 5038 507 1491 3992 4195 303
2682 554 3164 3589 5503 3314 4115 264
591 2419 1299 5433 295 1125 3353 1748
1783 118 5758 3881 1196 3940 1119 2208
1572 1420 1325 162 3224 2567 2629 888
1303 796 5842 2393 2631 5524 149 3130
3417 1996 1064 2565 36 4532 1866 3416
222 3458 1928 2005 3999 5630 895 712
379 4329 2056 5511 4802 3900 4280 3612
2705 890 259 2878 1769 2985 1088 2278
1224 1009 2793 1527 3641 4924 1224 1577
1583 3923 2088 5394 1150 1049 4219 5654
1526 3996 1798 3648 1920 1598 4485 2995
3480 5315 5880 1588 3080 1499 1234 1067
1922 5083 2100 1391 3709 1345 780 1244
749 1401 3393 3158 544 5223 4826 3898
2698 3630 1050 3558 1737 1880 3378 1671
38 3205 3593 4918 3547 4939 5323 4560
20 3470 843 5428 3882 3538 3017 5000
1392 5837 4800 4640 728 1792 3018 58
2803 2907 3566 1676 2258 2208 3576 5806
587 1495 1345 1727 4922 1317 3309 5317
2405 1755 4816 149 1236 3585 4814 4738
1219 2239 5131 4380 4028 5848 5090 2689
732 4126 4132 3368 4353 3681 5634 3792
1229 5769 5892 928 2373 2393 2024 5120
3175 5455 1794 3868 5156 5492 2395 4868
1960 3001 679 3900 4471 1128 2323 1317
3750 4007 2737 2564 3775 4242 3378 4681
1078 3685 1943 4283 5070 594 5060 5344
907 2793 937 4685 1052 1284 829 4051
3407 2259 2517 167 3085 1765 881 1199
1072 3834 5326 2176 4433 2734 5451 1366
3622 3442 354 1240 3715 3691 167 667
1355 1243 2021 5003 814 2015 3885 1694
3526 3129 5749 3676 4509 264 3579 166
2699 4715 1005 764 605 1142 3341 2504
1218 4478 166 1183 1242 2607 549 3391
1246 5631 5593 919 5112 1635 2426 107
1088 347 1851 5064 2928 129 2404 1925
1543 275 2022 42 255 1395 6036 1641
1221 1555 1667 869 3333 1917 3674 3963
149 4043 3475 3824 4430 1301 2177 5559
110 2990 1869 3616 5195 667 345 2700
3752 5620 2262 5831 1572 1349 1713 2565
2709 4708 784 1583 1204 2176 4609 4381
356 2643 4829 925 3611 1897 1094 1181
2656 5597 3257 2094 1176 1484 3732 948
1093 4301 2778 5340 5580 4774 5049 752
1205 5129 4917 4287 1105 651 3963 5105
2984 1714 5205 897 1798 443 2455 1435
2639 567 6000 2109 1182 2374 1733 2038
3146 4497 4033 3271 4756 3042 3413 3276
2394 1636 2537 4592 2793 3093 3533 201
3420 3752 5463 5019 5981 6016 4050 2566
1516 5271 5763 4112 3652 4958 4816 132
1640 3836 5902 5912 3140 259 3411 5405
1277 2035 68 5156 3430 2589 3511 4344
1251 2537 5464 752 1412 3304 5815 4022
366 4902 1968 3884 4855 4658 5111 2100
1357 4118 5610 1916 928 3290 5054 2185
1207 5156 1131 4693 4071 272 1063 839
1675 5070 1837 5917 5163 2059 2872 5698
2099 805 1301 5678 1403 3489 1062 4387
2528 1249 2565 326 2876 3746 1010 3045
2010 1891 5788 533 4908 1015 1396 3564
2320 2567 3313 5536 3391 5925 1937 3411
919 3583 1183 5026 5745 3560 3329 4054
2323 5798 4471 5689 1968 5747 150 4716
2011 1054 1701 5035 3993 5061 692 937
1089 5271 1361 3159 4979 3441 435 1595
46 5366 1968 1794 5653 2866 1089 5227
1499 1457 801 5754 2012 2411 2774 1207
1369 3529 4284 735 757 1390 1884 1473
1953 1125 4222 5720 3993 5162 1418 1306
1672 1262 3512 5475 2592 3391 5305 658
2114 1953 1985 5020 4461 4312 420 4352
2193 1889 5701 5758 2328 3147 2018 2300
1375 1998 5916 4375 6035 3370 2812 1949
586 2596 1177 1076 2290 1937 1687 781
363 5084 3013 1010 3626 5657 1096 5387
3252 3029 2629 1767 4797 628 4285 366
3670 4693 5369 1019 3737 2774 3858 3491
1287 4215 2747 2302 2880 5622 5795 3054
315 3516 2595 3771 2106 1542 1179 3529
922 5934 4907 3340 5502 4779 2627 4482
3159 1419 1998 1281 5482 2750 2215 3868
1241 2349 4736 3729 349 4471 3840 1184
735 780 4069 3618 3026 4411 4699 3399
1916 1152 3055 3214 5869 3746 5605 4210
1293 2715 4581 4048 1440 3780 3880 3945
3254 2631 5371 1980 5530 152 5881 223
1731 1860 2378 5182 202 5232 5654 1570
3360 3292 4384 1422 4715 1585 1383 789
1395 4277 744 3717 5706 3946 1758 2051
2762 1733 5995 5442 3715 6000 3213 219
1257 4036 4686 2847 5723 3469 3567 1364
2301 577 3557 1812 2761 2777 56 5518
3447 3999 1448 2414 3339 1632 5048 1992
1652 175 3484 4967 284 1442 1206 2190
1607 2039 6011 4809 5779 5798 3163 2228
1390 5916 746 4450 1119 5762 4382 6036
2691 181 2844 49 1020 151 5541 3726
2454 663 1465 5035 5765 1816 2028 5265
3080 1982 1548 4397 4346 1912 4053 1792
3701 4028 3169 3308 1285 3778 3704 4204
2267 2280 3441 855 577 2937 1050 4523
594 1266 4490 800 1281 1850 5203 4048
348 5726 5686 1922 1303 3738 4375 3836
968 5273 1753 5737 2550 3589 4979 5673
3255 4569 3687 3612 3464 3824 3684 3827
903 1477 5907 5501 245 4802 3464 5008
1233 5445 5594 2205 4022 3975 3768 2726
596 2820 2454 5580 1717 2926 123 4384
1673 4167 1545 520 939 392 5847 58
2053 1422 3503 3589 5389 1586 2989 3675
912 2627 2795 5874 5589 2183 3851 3675
2080 4218 1506 1759 1899 5744 3360 3314
3702 853 5378 2203 4417 5038 2599 1812
10 5185 927 5783 3981 1199 4754 3958
1376 1726 5172 3841 780 735 970 1113
2889 3792 905 1194 1279 3272 839 450
3754 3956 2571 3530 1956 812 549 633
1027 3615 4543 2106 3934 1051 5742 1329
2000 611 2383 2814 4801 3527 4261 749