2857 1.0 1.0 1.0 1.0 1.0 1.0 0.0 0.0 0.0 0.0 0.0 0.0 0.0 1.0
259 0.0 0.0 0.0 0.0 1.0 0.0 1.0 1.0 0.0 1.0 1.0 1.0 0.0 1.0
1195 1.0 1.0 0.0 0.0 0.0 0.0 0.0 1.0 0.0 1.0 1.0 0.0 1.0 1.0
1209 0.0 0.0 1.0 0.0 1.0 0.0 0.0 1.0 1.0 0.0 1.0 0.0 1.0 1.0
479 0.0 1.0 1.0 0.0 1.0 1.0 1.0 0.0 0.0 1.0 1.0 0.0 0.0 0.0
2027 1.0 0.0 1.0 1.0 0.0 1.0 0.0 1.0 0.0 0.0 1.0 0.0 0.0 1.0
588 0.0 1.0 1.0 0.0 0.0 0.0 1.0 1.0 0.0 1.0 1.0 0.0 0.0 1.0
2570 1.0 0.0 0.0 0.0 1.0 1.0 0.0 1.0 1.0 0.0 1.0 1.0 0.0 0.0
1269 0.0 1.0 1.0 1.0 0.0 1.0 0.0 0.0 0.0 1.0 1.0 1.0 0.0 0.0
592 1.0 0.0 0.0 0.0 0.0 0.0 1.0 0.0 1.0 1.0 1.0 1.0 1.0 0.0
1579 0.0 0.0 1.0 1.0 0.0 1.0 1.0 0.0 1.0 1.0 0.0 0.0 1.0 0.0
1197 0.0 0.0 1.0 1.0 1.0 0.0 0.0 1.0 0.0 1.0 1.0 1.0 0.0 0.0
607 1.0 1.0 1.0 1.0 0.0 0.0 0.0 0.0 0.0 1.0 1.0 0.0 1.0 0.0
2761 0.0 1.0 1.0 0.0 1.0 0.0 1.0 1.0 0.0 1.0 1.0 0.0 0.0 0.0
109 1.0 0.0 1.0 0.0 1.0 1.0 0.0 1.0 0.0 1.0 0.0 0.0 1.0 0.0
2395 1.0 0.0 0.0 1.0 0.0 1.0 1.0 1.0 0.0 0.0 1.0 1.0 0.0 0.0
1196 0.0 1.0 0.0 0.0 1.0 0.0 1.0 0.0 1.0 0.0 1.0 1.0 1.0 0.0
526 0.0 0.0 1.0 0.0 1.0 1.0 0.0 1.0 1.0 1.0 0.0 0.0 0.0 1.0
1616 1.0 1.0 1.0 0.0 1.0 0.0 0.0 0.0 0.0 1.0 0.0 1.0 0.0 1.0
1264 1.0 1.0 0.0 0.0 1.0 0.0 0.0 0.0 0.0 1.0 0.0 1.0 1.0 1.0
1096 1.0 0.0 0.0 1.0 1.0 1.0 0.0 1.0 0.0 0.0 0.0 1.0 1.0 0.0
2627 0.0 0.0 1.0 0.0 1.0 1.0 1.0 1.0 1.0 0.0 0.0 0.0 0.0 1.0
2996 1.0 0.0 0.0 1.0 1.0 0.0 1.0 0.0 0.0 1.0 0.0 1.0 1.0 0.0
317 1.0 0.0 1.0 0.0 0.0 1.0 1.0 0.0 1.0 0.0 1.0 1.0 0.0 0.0
857 0.0 0.0 1.0 1.0 1.0 0.0 0.0 0.0 1.0 1.0 1.0 1.0 0.0 0.0
355 0.0 1.0 1.0 0.0 0.0 1.0 1.0 0.0 1.0 0.0 0.0 1.0 1.0 0.0
2715 0.0 1.0 0.0 1.0 1.0 0.0 0.0 0.0 1.0 0.0 1.0 1.0 0.0 1.0
295 1.0 0.0 0.0 0.0 1.0 0.0 1.0 1.0 1.0 0.0 1.0 0.0 0.0 1.0
1239 1.0 0.0 1.0 0.0 1.0 0.0 1.0 0.0 0.0 0.0 1.0 1.0 1.0 0.0
0 0.0 1.0 1.0 1.0 0.0 0.0 1.0 0.0 0.0 0.0 1.0 0.0 1.0 1.0
1213 1.0 0.0 1.0 0.0 1.0 0.0 0.0 0.0 1.0 0.0 1.0 1.0 0.0 1.0
2915 1.0 0.0 0.0 1.0 0.0 1.0 1.0 0.0 0.0 0.0 1.0 0.0 1.0 1.0
456 0.0 1.0 1.0 0.0 0.0 0.0 0.0 1.0 0.0 1.0 0.0 1.0 1.0 1.0
3577 0.0 1.0 1.0 1.0 0.0 0.0 0.0 1.0 0.0 0.0 1.0 1.0 1.0 0.0
1199 1.0 1.0 0.0 1.0 1.0 1.0 0.0 1.0 1.0 0.0 0.0 0.0 0.0 0.0
540 1.0 0.0 0.0 1.0 1.0 0.0 1.0 0.0 0.0 1.0 0.0 1.0 0.0 1.0
2986 0.0 1.0 0.0 0.0 0.0 0.0 1.0 1.0 1.0 0.0 1.0 1.0 1.0 0.0
1258 0.0 1.0 1.0 1.0 1.0 1.0 0.0 0.0 1.0 0.0 1.0 0.0 0.0 0.0
49 0.0 1.0 1.0 1.0 1.0 0.0 1.0 0.0 0.0 0.0 1.0 1.0 0.0 0.0
33 1.0 1.0 1.0 0.0 0.0 1.0 1.0 0.0 0.0 0.0 0.0 0.0 1.0 1.0
2790 0.0 0.0 0.0 1.0 1.0 1.0 0.0 1.0 1.0 0.0 1.0 0.0 1.0 0.0
779 1.0 0.0 1.0 1.0 0.0 1.0 0.0 0.0 0.0 1.0 1.0 1.0 0.0 0.0
3174 1.0 1.0 1.0 0.0 1.0 1.0 0.0 0.0 1.0 0.0 0.0 0.0 1.0 0.0
1192 0.0 0.0 1.0 0.0 0.0 1.0 1.0 0.0 0.0 1.0 1.0 1.0 1.0 0.0
918 1.0 1.0 1.0 0.0 0.0 0.0 0.0 1.0 0.0 1.0 0.0 1.0 0.0 1.0
923 1.0 1.0 0.0 0.0 1.0 1.0 1.0 0.0 0.0 0.0 1.0 0.0 1.0 0.0
1126 1.0 0.0 0.0 1.0 1.0 0.0 0.0 1.0 1.0 1.0 0.0 0.0 1.0 0.0
2354 0.0 1.0 0.0 0.0 1.0 0.0 0.0 1.0 0.0 0.0 1.0 1.0 1.0 1.0
1386 0.0 0.0 0.0 1.0 0.0 1.0 1.0 1.0 0.0 1.0 0.0 0.0 1.0 1.0
1220 0.0 1.0 0.0 1.0 1.0 0.0 0.0 0.0 1.0 0.0 1.0 1.0 0.0 1.0
911 1.0 0.0 1.0 1.0 0.0 1.0 0.0 1.0 1.0 0.0 1.0 0.0 0.0 0.0
1035 0.0 1.0 1.0 0.0 1.0 0.0 0.0 1.0 1.0 1.0 0.0 0.0 0.0 1.0
1212 1.0 1.0 1.0 0.0 1.0 0.0 0.0 0.0 1.0 1.0 0.0 1.0 0.0 0.0
1609 0.0 0.0 0.0 0.0 1.0 1.0 1.0 0.0 0.0 1.0 1.0 1.0 0.0 1.0
376 1.0 1.0 0.0 1.0 0.0 1.0 0.0 1.0 0.0 1.0 0.0 0.0 0.0 1.0
1290 1.0 1.0 0.0 0.0 1.0 1.0 1.0 0.0 0.0 0.0 0.0 1.0 1.0 0.0
1999 0.0 0.0 1.0 0.0 0.0 1.0 1.0 0.0 0.0 0.0 1.0 1.0 1.0 1.0
1135 1.0 0.0 1.0 1.0 0.0 0.0 1.0 0.0 0.0 0.0 1.0 0.0 1.0 1.0
3113 0.0 0.0 0.0 0.0 1.0 1.0 1.0 0.0 0.0 1.0 1.0 1.0 0.0 1.0
1306 0.0 1.0 0.0 0.0 1.0 1.0 1.0 0.0 0.0 1.0 1.0 0.0 1.0 0.0
1703 0.0 0.0 1.0 0.0 1.0 1.0 0.0 0.0 1.0 0.0 1.0 1.0 1.0 0.0
1720 0.0 1.0 1.0 0.0 0.0 0.0 0.0 1.0 1.0 1.0 1.0 1.0 0.0 0.0
1967 1.0 1.0 1.0 0.0 0.0 1.0 1.0 0.0 0.0 1.0 0.0 0.0 0.0 1.0
647 1.0 0.0 0.0 0.0 0.0 0.0 1.0 1.0 1.0 1.0 1.0 0.0 1.0 0.0
2598 0.0 1.0 1.0 0.0 1.0 0.0 0.0 0.0 1.0 1.0 0.0 0.0 1.0 1.0
31 1.0 1.0 0.0 0.0 0.0 1.0 1.0 1.0 0.0 0.0 0.0 0.0 1.0 1.0
3792 1.0 1.0 0.0 0.0 1.0 0.0 0.0 1.0 0.0 1.0 1.0 0.0 1.0 0.0
2173 1.0 0.0 0.0 0.0 0.0 1.0 1.0 0.0 1.0 0.0 1.0 1.0 0.0 1.0
2796 0.0 1.0 0.0 1.0 1.0 0.0 1.0 1.0 0.0 0.0 1.0 0.0 1.0 0.0
2290 0.0 0.0 1.0 1.0 0.0 0.0 0.0 1.0 0.0 1.0 0.0 1.0 1.0 1.0
2917 1.0 1.0 0.0 0.0 1.0 1.0 0.0 0.0 0.0 0.0 1.0 1.0 1.0 0.0
589 0.0 1.0 1.0 0.0 1.0 0.0 1.0 1.0 1.0 0.0 0.0 0.0 1.0 0.0
2958 0.0 0.0 1.0 0.0 1.0 1.0 0.0 0.0 1.0 0.0 0.0 1.0 1.0 1.0
3470 1.0 1.0 0.0 0.0 1.0 0.0 1.0 0.0 1.0 1.0 0.0 0.0 1.0 0.0
1373 1.0 1.0 0.0 0.0 0.0 0.0 0.0 1.0 1.0 1.0 0.0 1.0 0.0 1.0
1393 0.0 0.0 1.0 0.0 0.0 1.0 1.0 1.0 0.0 1.0 0.0 1.0 1.0 0.0
2682 0.0 0.0 1.0 0.0 1.0 1.0 0.0 1.0 1.0 0.0 1.0 0.0 1.0 0.0
591 1.0 1.0 0.0 0.0 0.0 0.0 1.0 1.0 0.0 1.0 1.0 1.0 0.0 0.0
1783 1.0 0.0 0.0 0.0 1.0 0.0 1.0 1.0 0.0 1.0 0.0 1.0 0.0 1.0
1572 1.0 0.0 1.0 1.0 0.0 1.0 1.0 0.0 1.0 0.0 1.0 0.0 0.0 0.0
1303 1.0 1.0 0.0 1.0 0.0 0.0 1.0 0.0 1.0 1.0 0.0 0.0 0.0 1.0
3417 0.0 1.0 1.0 1.0 0.0 0.0 0.0 1.0 1.0 0.0 1.0 1.0 0.0 0.0
222 1.0 1.0 1.0 0.0 1.0 1.0 0.0 0.0 1.0 1.0 0.0 0.0 0.0 0.0
379 0.0 0.0 0.0 1.0 1.0 0.0 1.0 1.0 1.0 0.0 0.0 1.0 1.0 0.0
2705 1.0 1.0 0.0 1.0 0.0 0.0 1.0 1.0 0.0 0.0 0.0 0.0 1.0 1.0
1224 0.0 1.0 1.0 0.0 1.0 1.0 1.0 0.0 0.0 1.0 0.0 1.0 0.0 0.0
1583 1.0 0.0 1.0 1.0 0.0 1.0 0.0 0.0 0.0 1.0 1.0 0.0 0.0 1.0
1526 0.0 0.0 0.0 0.0 0.0 1.0 1.0 1.0 1.0 0.0 1.0 1.0 1.0 0.0
3480 0.0 0.0 0.0 1.0 1.0 0.0 0.0 1.0 1.0 0.0 1.0 1.0 0.0 1.0
1922 0.0 0.0 1.0 1.0 0.0 1.0 1.0 1.0 0.0 1.0 0.0 0.0 0.0 1.0
749 0.0 1.0 1.0 0.0 0.0 0.0 0.0 1.0 0.0 0.0 1.0 1.0 1.0 1.0
2698 1.0 0.0 0.0 0.0 1.0 1.0 1.0 1.0 0.0 1.0 0.0 1.0 0.0 0.0
38 0.0 0.0 0.0 1.0 1.0 1.0 0.0 1.0 0.0 0.0 1.0 0.0 1.0 1.0
20 0.0 1.0 0.0 1.0 0.0 0.0 1.0 0.0 0.0 1.0 1.0 1.0 1.0 0.0
1392 0.0 1.0 1.0 1.0 1.0 0.0 0.0 1.0 0.0 1.0 1.0 0.0 0.0 0.0
2803 1.0 0.0 1.0 1.0 1.0 0.0 0.0 1.0 1.0 1.0 0.0 0.0 0.0 0.0
587 1.0 1.0 1.0 1.0 1.0 0.0 0.0 0.0 1.0 0.0 0.0 0.0 1.0 0.0
2405 1.0 0.0 1.0 1.0 0.0 1.0 0.0 0.0 0.0 0.0 1.0 1.0 1.0 0.0
1219 0.0 1.0 0.0 0.0 1.0 0.0 0.0 1.0 1.0 1.0 1.0 1.0 0.0 0.0
732 1.0 1.0 1.0 1.0 1.0 0.0 0.0 0.0 0.0 1.0 0.0 0.0 1.0 0.0
1229 0.0 1.0 0.0 1.0 0.0 0.0 0.0 1.0 1.0 1.0 1.0 0.0 1.0 0.0
3175 0.0 0.0 1.0 1.0 1.0 0.0 0.0 0.0 0.0 1.0 0.0 1.0 1.0 1.0
1960 0.0 0.0 0.0 1.0 0.0 0.0 1.0 1.0 0.0 1.0 1.0 1.0 1.0 0.0
3750 0.0 1.0 1.0 1.0 0.0 0.0 1.0 1.0 0.0 0.0 0.0 0.0 1.0 1.0
1078 0.0 0.0 0.0 1.0 1.0 1.0 0.0 1.0 0.0 1.0 0.0 1.0 1.0 0.0
907 1.0 1.0 1.0 1.0 0.0 1.0 0.0 0.0 0.0 0.0 1.0 1.0 0.0 0.0
3407 1.0 1.0 1.0 1.0 0.0 0.0 1.0 0.0 0.0 0.0 1.0 0.0 0.0 1.0
1072 1.0 1.0 1.0 0.0 0.0 0.0 0.0 0.0 1.0 0.0 1.0 0.0 1.0 1.0
3622 0.0 0.0 1.0 1.0 1.0 1.0 0.0 1.0 0.0 1.0 0.0 0.0 1.0 0.0
1355 0.0 1.0 1.0 0.0 0.0 1.0 0.0 0.0 1.0 0.0 1.0 1.0 1.0 0.0
3526 0.0 1.0 1.0 0.0 0.0 0.0 1.0 0.0 1.0 1.0 0.0 0.0 1.0 1.0
2699 1.0 1.0 0.0 1.0 1.0 1.0 0.0 1.0 0.0 1.0 0.0 0.0 0.0 0.0
1218 1.0 1.0 0.0 0.0 0.0 0.0 1.0 0.0 1.0 1.0 0.0 1.0 0.0 1.0
1246 1.0 0.0 1.0 1.0 0.0 0.0 0.0 1.0 1.0 0.0 1.0 0.0 1.0 0.0
1088 1.0 0.0 1.0 0.0 0.0 1.0 0.0 1.0 0.0 1.0 1.0 1.0 0.0 0.0
1543 0.0 0.0 1.0 1.0 0.0 1.0 0.0 1.0 0.0 0.0 1.0 0.0 1.0 1.0
1221 0.0 1.0 0.0 1.0 0.0 0.0 1.0 1.0 0.0 1.0 1.0 1.0 0.0 0.0
149 1.0 0.0 1.0 0.0 0.0 1.0 1.0 0.0 1.0 1.0 0.0 0.0 1.0 0.0
110 1.0 1.0 1.0 0.0 0.0 1.0 1.0 1.0 0.0 0.0 0.0 0.0 0.0 1.0
3752 1.0 0.0 0.0 0.0 1.0 0.0 0.0 1.0 1.0 1.0 0.0 1.0 1.0 0.0
2709 1.0 1.0 0.0 0.0 1.0 1.0 0.0 0.0 0.0 1.0 0.0 1.0 0.0 1.0
356 0.0 0.0 0.0 0.0 1.0 1.0 0.0 1.0 0.0 1.0 1.0 0.0 1.0 1.0
2656 1.0 0.0 0.0 0.0 1.0 1.0 0.0 0.0 1.0 0.0 1.0 0.0 1.0 1.0
1093 0.0 0.0 1.0 1.0 0.0 1.0 1.0 1.0 0.0 1.0 1.0 0.0 0.0 0.0
1205 1.0 0.0 0.0 0.0 1.0 1.0 0.0 1.0 1.0 1.0 0.0 0.0 0.0 1.0
2984 0.0 1.0 1.0 1.0 1.0 1.0 1.0 0.0 0.0 0.0 0.0 1.0 0.0 0.0
2639 1.0 1.0 1.0 0.0 0.0 1.0 1.0 1.0 1.0 0.0 0.0 0.0 0.0 0.0
3146 1.0 1.0 0.0 1.0 1.0 0.0 1.0 1.0 1.0 0.0 0.0 0.0 0.0 0.0
2394 1.0 1.0 1.0 1.0 0.0 1.0 0.0 0.0 0.0 0.0 1.0 0.0 1.0 0.0
3420 1.0 0.0 1.0 0.0 0.0 1.0 1.0 1.0 0.0 1.0 0.0 0.0 1.0 0.0
1516 0.0 1.0 0.0 0.0 1.0 1.0 0.0 1.0 0.0 1.0 1.0 1.0 0.0 0.0
1640 0.0 0.0 0.0 1.0 0.0 0.0 1.0 1.0 1.0 0.0 0.0 1.0 1.0 1.0
1277 0.0 0.0 1.0 0.0 1.0 0.0 0.0 1.0 0.0 0.0 1.0 1.0 1.0 1.0
1251 0.0 0.0 1.0 1.0 0.0 1.0 0.0 1.0 0.0 0.0 0.0 1.0 1.0 1.0
366 0.0 1.0 0.0 1.0 0.0 0.0 1.0 0.0 0.0 1.0 0.0 1.0 1.0 1.0
1357 0.0 0.0 1.0 1.0 0.0 0.0 1.0 0.0 1.0 1.0 1.0 0.0 1.0 0.0
1207 1.0 1.0 0.0 1.0 0.0 1.0 0.0 1.0 0.0 1.0 0.0 0.0 1.0 0.0
1675 1.0 1.0 0.0 0.0 1.0 0.0 1.0 0.0 0.0 0.0 1.0 1.0 1.0 0.0
2099 1.0 0.0 1.0 1.0 0.0 1.0 1.0 0.0 1.0 1.0 0.0 0.0 0.0 0.0
2528 1.0 1.0 1.0 1.0 0.0 0.0 1.0 1.0 0.0 0.0 0.0 1.0 0.0 0.0
2010 1.0 1.0 0.0 0.0 1.0 0.0 0.0 1.0 0.0 0.0 1.0 0.0 1.0 1.0
2320 0.0 1.0 1.0 1.0 0.0 0.0 1.0 0.0 1.0 0.0 0.0 0.0 1.0 1.0
919 1.0 0.0 1.0 1.0 1.0 1.0 0.0 0.0 1.0 0.0 0.0 1.0 0.0 0.0
2323 1.0 0.0 1.0 0.0 0.0 1.0 0.0 0.0 0.0 1.0 0.0 1.0 1.0 1.0
2011 0.0 0.0 1.0 1.0 0.0 1.0 1.0 0.0 0.0 1.0 1.0 1.0 0.0 0.0
1089 1.0 1.0 0.0 0.0 1.0 0.0 0.0 1.0 0.0 1.0 1.0 1.0 0.0 0.0
46 1.0 0.0 1.0 1.0 0.0 1.0 0.0 0.0 1.0 1.0 0.0 0.0 1.0 0.0
1499 0.0 1.0 1.0 1.0 0.0 0.0 0.0 1.0 1.0 1.0 0.0 0.0 0.0 1.0
1369 1.0 1.0 0.0 0.0 0.0 0.0 0.0 1.0 1.0 0.0 1.0 1.0 1.0 0.0
1953 1.0 0.0 0.0 0.0 1.0 0.0 0.0 1.0 1.0 0.0 1.0 1.0 1.0 0.0
1672 1.0 1.0 0.0 0.0 1.0 0.0 0.0 1.0 0.0 0.0 1.0 1.0 0.0 1.0
2114 0.0 0.0 0.0 0.0 1.0 1.0 0.0 1.0 1.0 0.0 1.0 1.0 1.0 0.0
2193 1.0 0.0 0.0 1.0 1.0 0.0 0.0 0.0 1.0 1.0 1.0 0.0 1.0 0.0
1375 0.0 1.0 1.0 0.0 0.0 1.0 1.0 0.0 0.0 1.0 0.0 0.0 1.0 1.0
586 0.0 1.0 0.0 1.0 0.0 1.0 0.0 1.0 1.0 1.0 0.0 0.0 0.0 1.0
363 0.0 1.0 1.0 1.0 1.0 1.0 0.0 0.0 0.0 0.0 0.0 0.0 1.0 1.0
3252 0.0 1.0 1.0 1.0 0.0 0.0 1.0 1.0 1.0 0.0 0.0 1.0 0.0 0.0
3670 1.0 1.0 1.0 1.0 1.0 0.0 1.0 0.0 0.0 1.0 0.0 0.0 0.0 0.0
1287 1.0 0.0 0.0 0.0 0.0 0.0 1.0 0.0 1.0 1.0 1.0 1.0 0.0 1.0
315 1.0 0.0 1.0 0.0 0.0 0.0 1.0 1.0 1.0 0.0 1.0 1.0 0.0 0.0
922 1.0 0.0 1.0 0.0 1.0 0.0 0.0 0.0 0.0 1.0 0.0 1.0 1.0 1.0
3159 1.0 1.0 0.0 0.0 1.0 0.0 0.0 1.0 1.0 1.0 1.0 0.0 0.0 0.0
1241 0.0 0.0 0.0 1.0 1.0 0.0 1.0 0.0 1.0 1.0 0.0 0.0 1.0 1.0
735 1.0 1.0 0.0 1.0 1.0 0.0 0.0 0.0 0.0 1.0 1.0 0.0 0.0 1.0
1916 0.0 1.0 0.0 0.0 1.0 1.0 0.0 0.0 1.0 0.0 1.0 1.0 0.0 1.0
1293 0.0 1.0 1.0 0.0 1.0 0.0 1.0 1.0 1.0 1.0 0.0 0.0 0.0 0.0
3254 0.0 0.0 0.0 1.0 0.0 1.0 1.0 0.0 0.0 1.0 1.0 1.0 1.0 0.0
1731 1.0 0.0 1.0 0.0 1.0 1.0 0.0 1.0 0.0 1.0 1.0 0.0 0.0 0.0
3360 1.0 0.0 0.0 1.0 0.0 1.0 0.0 1.0 1.0 0.0 1.0 1.0 0.0 0.0
1395 1.0 0.0 0.0 0.0 0.0 1.0 0.0 1.0 1.0 1.0 1.0 0.0 0.0 1.0
2762 0.0 1.0 0.0 0.0 1.0 1.0 1.0 1.0 1.0 0.0 0.0 1.0 0.0 0.0
1257 0.0 0.0 1.0 0.0 1.0 0.0 1.0 1.0 0.0 0.0 1.0 0.0 1.0 1.0
2301 0.0 1.0 0.0 0.0 1.0 0.0 0.0 1.0 0.0 0.0 1.0 1.0 1.0 1.0
3447 0.0 1.0 1.0 1.0 1.0 0.0 1.0 0.0 0.0 0.0 1.0 0.0 0.0 1.0
1652 1.0 1.0 1.0 1.0 0.0 0.0 0.0 0.0 0.0 1.0 0.0 1.0 1.0 0.0
1607 0.0 0.0 0.0 1.0 0.0 1.0 1.0 1.0 1.0 0.0 1.0 1.0 0.0 0.0
1390 0.0 0.0 0.0 1.0 1.0 1.0 1.0 0.0 1.0 1.0 0.0 0.0 0.0 1.0
2691 0.0 1.0 0.0 1.0 1.0 0.0 0.0 1.0 0.0 1.0 1.0 1.0 0.0 0.0
2454 0.0 1.0 0.0 1.0 0.0 1.0 1.0 0.0 1.0 0.0 0.0 1.0 0.0 1.0
3080 1.0 1.0 1.0 0.0 0.0 1.0 1.0 0.0 1.0 1.0 0.0 0.0 0.0 0.0
3701 1.0 0.0 1.0 0.0 1.0 1.0 0.0 1.0 0.0 1.0 0.0 1.0 0.0 0.0
2267 1.0 0.0 0.0 1.0 1.0 1.0 0.0 0.0 0.0 0.0 1.0 0.0 1.0 1.0
594 0.0 0.0 1.0 0.0 1.0 1.0 0.0 1.0 1.0 1.0 0.0 1.0 0.0 0.0
348 0.0 1.0 0.0 0.0 1.0 1.0 0.0 1.0 1.0 1.0 0.0 1.0 0.0 0.0
968 0.0 0.0 0.0 1.0 1.0 1.0 0.0 1.0 1.0 0.0 0.0 1.0 1.0 0.0
3255 0.0 0.0 0.0 1.0 1.0 0.0 1.0 1.0 0.0 1.0 1.0 0.0 0.0 1.0
903 1.0 0.0 1.0 0.0 0.0 1.0 0.0 0.0 1.0 0.0 1.0 0.0 1.0 1.0
1233 1.0 0.0 1.0 1.0 1.0 0.0 1.0 1.0 1.0 0.0 0.0 0.0 0.0 0.0
596 0.0 0.0 1.0 0.0 1.0 1.0 0.0 0.0 0.0 1.0 1.0 1.0 0.0 1.0
1673 0.0 1.0 0.0 1.0 0.0 1.0 0.0 1.0 1.0 1.0 0.0 0.0 0.0 1.0
2053 0.0 0.0 0.0 0.0 1.0 1.0 1.0 0.0 0.0 1.0 1.0 1.0 1.0 0.0
912 0.0 0.0 0.0 1.0 0.0 1.0 1.0 1.0 1.0 0.0 0.0 1.0 0.0 1.0
2080 0.0 0.0 1.0 1.0 0.0 1.0 1.0 1.0 0.0 1.0 0.0 0.0 0.0 1.0
3702 1.0 1.0 1.0 1.0 0.0 1.0 1.0 0.0 0.0 0.0 0.0 0.0 0.0 1.0
10 0.0 0.0 1.0 0.0 1.0 1.0 1.0 1.0 0.0 0.0 1.0 0.0 1.0 0.0
1376 0.0 1.0 0.0 0.0 0.0 1.0 1.0 1.0 0.0 1.0 0.0 1.0 1.0 0.0
2889 0.0 0.0 1.0 1.0 0.0 0.0 1.0 1.0 0.0 1.0 0.0 1.0 0.0 1.0
3754 0.0 1.0 1.0 1.0 1.0 0.0 1.0 0.0 0.0 1.0 0.0 0.0 0.0 1.0
1027 0.0 1.0 0.0 0.0 0.0 1.0 1.0 1.0 0.0 0.0 1.0 0.0 1.0 1.0
2000 1.0 0.0 0.0 1.0 1.0 1.0 0.0 1.0 1.0 0.0 0.0 0.0 1.0 0.0