2857 9 6 10 2 3 5 5686 3236 3802 3980 3319 3665 2622 8
259 4402 1411 5369 690 13 2601 10 3 2245 17 15 1 3800 4
1195 10 3 4557 1708 926 4443 1185 15 312 13 2 1510 4 7
1209 940 3245 10 5244 3 1359 5462 8 4 1994 2 838 6 9
479 4971 2 7 4128 9 10 4 836 4735 3 8 3786 1755 4192
2027 7 2598 8 9 2797 1 5400 2 2848 657 4 5434 4930 5
588 697 13 10 5114 1375 4261 18 2 164 8 7 1897 4051 17
2570 13 4360 2868 1144 10 9 561 5 2 210 8 7 4963 2787
1269 2984 7 1 10 2141 17 2202 918 4761 22 3 19 2710 4856
592 11 5518 2828 4280 136 3003 12 2725 9 2 5 13 3 1379
1579 740 2708 5 8 2622 13 3 5016 10 15 4698 2001 7 1045
1197 2785 5867 4 13 11 677 3803 2 1102 3 10 12 281 4527
607 5 1 22 9 519 3155 1714 712 3858 14 8 1404 11 560
2761 4405 11 14 4421 10 4129 5 15 2859 9 1 4638 1895 3565
109 7 2308 11 4191 8 2 306 13 4892 10 5031 5053 15 2606
2395 6 4646 846 2 6006 10 8 14 351 2978 15 11 1667 966
1196 4009 18 3637 5059 10 1723 13 94 3 3959 19 11 1 695
526 5350 5699 9 492 13 17 4207 1 15 8 1718 4931 2722 10
1616 5 15 20 2437 10 4309 52 396 1627 17 2080 18 1108 9
1264 10 3 873 1821 8 6033 901 494 2336 9 2990 11 15 2
1096 10 1412 2601 4 1 17 5204 19 3337 3671 4645 13 18 1677
2627 1183 3785 2 4442 19 10 18 13 23 3829 56 3097 3458 22
2996 14 1689 5027 3 15 3025 5 5496 4748 10 695 11 22 2200
317 13 4436 2 2145 1384 5 11 2056 15 2575 9 10 4554 2601
857 2209 467 19 10 27 3524 2571 1655 22 23 24 12 8 926
355 4434 15 19 3162 3877 17 10 704 5 3782 5977 11 2 1754
2715 1646 10 1354 25 5 4792 1407 4374 24 3857 22 19 4075 26
295 17 4027 2039 3115 6 5540 15 14 13 2275 8 3126 313 5
1239 17 2170 20 5567 22 1196 19 1688 2963 3025 18 10 4 5705
0 6038 10 8 18 4252 1326 1 2596 504 2976 9 40 19 6
1213 28 4639 22 1952 10 4720 483 3034 17 2534 23 4 2300 19
2915 13 3625 6032 15 3112 5 7 2632 4170 3598 8 3998 2 17
456 68 9 13 1318 434 1587 2597 2 2301 7 4525 19 15 17
3577 3420 7 15 2 5782 1913 2444 14 2443 3776 17 6 5 2522
1199 22 28 5673 19 10 17 2819 18 23 5028 952 1977 4241 612
540 36 1192 4170 23 10 432 29 1284 4190 17 283 27 2199 42
2986 165 16 2468 4137 2117 5486 5 18 19 5377 21 13 22 1916
1258 4516 18 11 13 2 10 4284 4996 3 4965 19 2095 3530 4851
49 5783 18 17 15 9 1504 13 57 2462 2812 11 5 2892 1743
33 18 19 17 4029 4031 23 33 1982 1813 2156 2535 3972 6 5
2790 213 3978 3573 26 33 1 5409 11 24 5224 10 3585 22 5663
779 13 3661 15 17 3894 18 1284 381 3245 22 2 10 1420 3010
3174 16 19 17 5929 23 18 3771 1578 13 5913 4222 1745 10 3435
1192 2853 2134 17 2951 2049 15 2 5576 3664 12 1 18 19 1922
918 1 18 19 2112 745 5128 2755 5 613 12 672 10 3398 13
923 17 10 925 5352 33 36 44 3946 3020 4952 42 1566 23 61
1126 23 823 67 22 19 3554 1735 17 5 10 3498 5822 13 2081
2354 2425 16 2957 1038 9 1346 1196 11 2325 4119 1 5 10 3
1386 4933 706 969 26 20 10 25 4 383 18 2488 899 28 19
1220 4477 9 3633 23 12 2783 4819 3368 24 3251 10 29 1678 7
911 6 2400 9 24 4125 27 65 10 29 2179 28 1948 739 4155
1035 2382 18 23 274 22 3667 5691 29 19 4 3883 4435 2083 36
1212 15 2 8 4773 9 3007 827 1898 11 5 303 17 3177 3945
1609 200 3574 4988 3546 2 17 13 1262 873 19 15 7 4580 5
376 7 18 4147 9 5072 5 2876 19 1213 6 3608 1162 63 8
1290 10 13 5269 3659 18 19 15 4128 5634 2809 5561 22 3 3084
1999 1227 3767 29 578 3827 31 15 2746 337 5108 23 18 19 10
1135 10 215 27 22 5528 2667 28 4878 1259 3960 3 1288 31 11
3113 5897 1431 3814 5824 25 3 17 618 1063 10 9 1 1772 19
1306 3845 9 5577 5166 19 10 11 1049 1649 31 24 4442 26 4102
1703 1166 4525 10 494 9 15 4346 1678 8 5260 17 5 11 948
1720 4870 9 24 3716 3909 5076 2890 10 18 1 5 8 3568 1819
1967 15 26 14 170 4987 3 24 848 4848 2 3438 849 1811 18
647 2 888 5651 3298 4164 4165 18 10 15 13 3 1605 7 5549
2598 1124 19 5 760 17 5998 282 198 23 9 95 267 10 28
31 22 10 3795 3063 4003 5 17 23 5633 5816 1464 328 15 19
3792 19 17 1173 3364 7 2029 912 23 1620 18 9 5067 5 1895
2173 23 3536 4532 4847 5928 22 24 2423 10 1795 11 26 4240 27
2796 667 1 3865 18 22 4486 26 10 3548 5719 23 2178 24 4672
2290 3723 3978 5 18 2497 2606 3851 34 1829 26 1313 8 10 22
2917 24 1 5873 4723 10 22 2746 5304 867 3687 26 19 11 1539
589 5276 13 9 5955 2 1532 6 11 10 1774 3276 5150 3 884
2958 6033 4700 14 583 15 5 35 3173 11 3318 1104 18 9 10
3470 19 23 5967 3095 17 3478 2 298 24 28 2326 214 10 2692
1373 33 29 3794 3621 5073 4306 2357 10 19 17 3288 25 4602 13
1393 2295 2612 27 2365 3373 10 11 3 276 22 1955 24 26 1888
2682 475 719 15 197 25 19 4077 24 11 1963 16 3541 5 5796
591 18 19 5495 485 5284 373 23 13 4770 24 10 22 2775 2517
1783 11 2385 2831 6019 23 5891 9 2 2349 18 4228 10 3831 15
1572 7 1779 10 22 578 8 17 2847 11 3933 19 1234 5736 3214
1303 42 29 5890 3 5253 5634 44 2671 10 31 4421 2822 2819 33
3417 507 2 7 13 5003 1838 3019 4 11 1728 5 8 4690 5202
222 19 25 22 5670 33 10 5693 5981 9 17 1529 1457 4809 1270
379 4850 2563 5344 7 22 753 13 15 19 2716 1059 2 18 2444
2705 11 48 1959 39 1479 3485 43 15 2241 3108 5811 529 36 26
1224 336 24 2 5823 10 14 22 2088 3872 27 6025 28 407 5861
1583 22 3903 19 9 3392 10 39 5424 4689 17 24 5576 4905 23
1526 5478 1277 3235 3429 1570 19 17 15 13 3597 5 18 2 4878
3480 2906 1455 2378 110 58 4037 2755 92 8 4689 62 10 970 34
1922 4204 3666 9 20 4678 11 15 17 2408 5 4726 4341 3371 10
749 1414 23 59 87 3179 4768 3932 10 3440 788 40 17 42 58
2698 22 5929 1759 2352 19 8 23 36 3204 16 3990 41 3633 3385
38 5905 5436 5393 22 5 8 4330 23 4542 2240 26 2229 28 34
20 1435 2 4124 36 3514 5765 48 4131 1815 31 23 13 29 1653
1392 4944 33 9 35 13 41 1037 26 1827 34 8 4143 5911 4783
2803 12 3407 34 10 25 2343 4982 11 47 1 4401 884 4499 5307
587 1 19 25 18 21 3736 2285 2841 10 4402 2584 5296 6 1640
2405 33 3427 29 34 3141 6 488 2332 1622 2368 26 22 24 5094
1219 5303 35 2680 171 26 2917 4828 42 29 19 10 24 5838 5198
732 19 15 3 8 7 4912 4954 322 4497 22 5228 4939 5 3388
1229 4676 35 1732 31 4704 575 3892 28 24 10 33 3057 45 1305
3175 4269 3692 35 5 22 3559 2226 4158 2622 19 4427 15 11 36
1960 5897 2572 5722 10 2141 259 1 9 5980 33 26 3 19 4400
3750 5979 17 9 23 5638 1888 25 32 2715 3376 3251 5876 10 18
1078 2048 4113 5177 3 24 26 5999 33 23 10 4793 36 34 3914
907 35 27 8 23 403 22 4503 5206 2951 5576 5 33 1722 4490
3407 10 26 6 1 5632 5121 5 2573 4205 978 15 1792 5501 9
1072 18 22 24 3554 4644 2266 4193 400 23 3760 13 234 10 19
3622 3736 5836 15 34 18 19 4444 9 5832 25 2699 1881 14 307
1355 112 17 13 694 2651 10 5984 5324 9 2151 19 23 25 5549
3526 285 19 22 1334 4074 4716 17 2632 18 20 5299 3297 23 4
2699 21 5 5520 19 34 36 1999 25 2670 26 3244 5069 3487 1862
1218 23 33 5073 4293 2637 3488 34 4588 48 58 1120 53 151 19
1246 26 1036 28 24 1711 5423 4049 22 12 1531 2 404 10 253
1088 22 3196 33 437 384 18 2944 23 43 11 9 5 659 2998
1543 3884 5481 18 10 3837 13 4946 25 1998 698 22 281 2 23
1221 4642 42 4760 23 5470 5545 33 29 5647 48 22 53 2241 4198
149 30 126 10 3643 841 5 8 953 1 9 5537 118 25 2090
110 19 8 22 5436 702 33 23 12 5834 2087 3960 1669 5754 36
3752 20 557 1614 3822 6 1581 4833 15 22 25 5569 7 18 5926
2709 19 46 1884 4889 11 53 1946 5608 2962 34 5823 39 4142 41
356 5166 3378 629 3912 23 11 2626 10 4421 5 15 552 31 28
2656 44 5561 3107 1141 31 24 416 2993 17 2452 10 828 23 28
1093 2744 813 53 35 3898 33 37 36 4533 24 18 4723 3238 469
1205 54 1647 5435 1576 33 19 5369 17 23 42 3233 368 1954 53
2984 3124 23 48 42 36 22 17 3396 4751 5674 672 49 2080 5398
2639 23 24 19 247 3197 10 17 13 15 5145 4785 5575 3320 1350
3146 8 15 3988 2 17 3957 23 9 32 66 1210 3046 300 5912
2394 23 36 51 39 5848 22 4931 4797 1425 93 5 974 53 1875
3420 19 4306 26 5150 3331 3 33 48 5444 15 2022 5918 42 2876
1516 5393 36 2044 5340 33 10 1200 26 1938 22 23 5 1025 754
1640 4180 1082 495 3 4978 1075 36 56 12 1568 1485 34 54 45
1277 2600 842 33 2135 34 1848 3806 10 3264 1246 22 19 11 28
1251 1923 3074 29 10 3715 23 3329 35 1196 26 7 12 33 27
366 4340 9 57 18 5863 5777 48 596 1631 23 5514 10 42 15
1357 5580 2264 24 9 5959 2602 11 5343 17 33 22 5062 32 1415
1207 47 33 287 40 576 36 1094 48 3194 32 2545 3518 28 1893
1675 36 23 4731 4253 10 4894 25 2109 3338 593 22 18 40 3911
2099 6 2274 10 23 3283 18 26 5938 22 24 2144 5057 4435 4020
2528 23 29 10 33 1159 1288 17 19 2247 793 431 36 1420 2994
2010 10 17 1492 1178 25 2175 3525 22 4874 2721 26 5934 23 28
2320 4024 6 1 15 5852 2759 2 2009 10 3247 1642 186 17 11
919 18 4182 37 2 24 6 3972 5108 10 2489 4282 9 3603 1866
2323 8 950 9 770 1753 22 2707 1357 3636 10 1347 34 19 25
2011 5329 708 26 25 4662 42 23 3528 2026 22 36 10 5250 201
1089 33 23 501 316 36 3425 487 2 5122 24 26 19 3434 1974
46 18 894 20 15 3381 11 3435 3035 5 19 3403 670 9 3805
1499 2836 34 18 45 2660 1109 1729 23 15 9 4127 1973 5553 5
1369 17 19 5608 2166 4882 1644 1761 22 15 2614 2 13 26 885
1953 26 4805 961 3836 29 3510 220 18 33 4627 4 2 10 2914
1672 63 15 5745 3735 22 3944 3870 90 3304 1102 8 11 1781 69
2114 1395 3079 5948 4025 18 29 3704 19 15 2412 3 13 10 4292
2193 48 3381 2083 36 33 3133 5896 389 2 53 49 5904 18 5107
1375 5050 23 17 3194 5443 25 10 4690 2477 19 1763 1957 26 13
586 4853 15 5230 10 5351 31 2916 11 22 34 1965 3381 56 26
363 262 6 15 24 18 19 2647 5961 5175 2075 3538 5685 10 26
3252 932 26 9 34 2299 1754 33 23 36 5339 739 22 3553 2632
3670 10 3 28 35 31 3601 36 2295 708 33 868 4574 4342 3937
1287 24 201 4002 1913 1225 3799 42 2494 30 35 22 48 5802 11
315 17 5916 23 1035 1170 2625 13 22 33 2502 36 10 590 483
922 27 4546 10 674 48 5813 714 55 1790 59 126 33 42 12
3159 22 9 3478 4556 57 5358 5407 39 15 24 11 2934 5282 2414
1241 4910 578 1533 48 57 5528 53 4498 29 40 3885 4590 18 49
735 44 13 2795 18 2 5311 5078 5617 4419 26 22 5884 4168 40
1916 5602 38 2522 3816 48 42 799 2364 2 647 26 22 4813 25
1293 1723 33 10 2502 27 6030 40 44 35 48 2911 1773 3015 4871
3254 5030 2707 4728 10 2328 26 22 1786 2831 18 2 9 11 3249
1731 18 2720 15 1769 39 11 3739 35 5652 22 5 2788 3100 4633
3360 26 4632 4667 36 1419 34 4557 42 54 4818 24 46 5020 4483
1395 36 2317 4295 69 1799 15 1669 17 23 44 42 3759 704 18
2762 5902 36 2550 109 49 15 18 39 43 2849 1954 22 4008 3890
1257 5948 2404 53 4200 58 4187 23 57 3738 3376 34 4435 19 33
2301 5370 11 1901 4504 10 2241 3764 15 174 5224 22 26 31 9
3447 3400 26 42 36 11 629 24 1976 3506 67 31 2312 4926 18
1652 8 9 10 23 2445 1681 2187 4688 1310 5 2293 22 17 2417
1607 3376 986 2059 26 4823 48 42 15 36 3298 19 22 3899 1461
1390 3409 4773 4435 25 22 48 40 1152 26 53 4373 5402 1463 18
2691 5640 4 3009 19 9 788 3495 8 3962 5 14 1 2829 1056
2454 936 17 5510 23 3866 53 33 1075 42 5793 4306 58 2196 19
3080 37 19 5 4973 539 14 36 3184 15 24 4899 3057 3180 3254
3701 4 2536 10 1123 36 23 3304 29 4755 42 1917 17 5241 706
2267 9 1220 5559 18 15 17 797 3087 5280 2930 5 4325 8 2
594 287 2478 1 628 19 18 1964 10 6 23 3211 17 1035 986
348 1000 29 2806 1645 33 7 4397 8 2 13 2461 9 371 6039
968 3938 3395 597 18 10 35 5295 29 33 4392 1257 36 40 3612
3255 4438 1082 643 15 17 3408 7 8 1995 13 23 2478 567 2
903 33 1737 53 439 5036 23 5982 4919 10 463 28 1543 35 44
1233 19 1833 44 31 33 4758 10 18 23 3996 602 3939 3492 3210
596 923 3656 6 1589 24 9 1153 3018 3930 34 11 10 1681 26
1673 2017 6 2622 33 3806 24 2698 48 23 35 2079 5266 4636 36
2053 1854 42 2111 4604 23 13 18 243 1465 34 22 26 10 535
912 3413 3960 5012 10 1356 17 53 58 5 2622 1697 48 2534 27
2080 4775 2026 24 19 5867 6 10 18 3791 3 287 3760 3912 22
3702 42 35 18 26 4557 23 17 4360 885 2151 4970 5260 237 10
10 795 2050 31 2867 26 34 51 36 1486 4317 23 5261 45 1402
1376 4363 10 1692 4025 3854 24 42 22 3813 13 5461 18 48 5170
2889 2999 1950 9 5 4872 1379 56 26 858 53 4133 48 4446 36
3754 1597 49 17 44 40 1703 11 4070 385 9 635 4035 5915 15
1027 5388 26 5992 3166 1259 18 1 34 670 483 33 1367 10 6
2000 33 1945 1746 18 15 31 5333 10 24 5754 2497 5619 19 4883