2857 2 3 5 6 8 9 10 11 14 15
259 1 3 4 10 13 15 17 18 19 23
1195 2 3 4 7 10 13 15 17 18 19
1209 2 3 4 6 8 9 10 13 15 17
479 2 3 4 7 8 9 10 11 13 15
2027 1 2 4 5 7 8 9 13 15 17
588 2 7 8 10 13 17 18 19 20 22
2570 2 5 7 8 9 10 13 15 17 19
1269 1 3 7 10 17 19 22 24 25 26
592 2 3 5 9 11 12 13 15 17 19
1579 3 5 7 8 10 13 15 17 18 19
1197 2 3 4 10 11 12 13 15 18 19
607 1 5 8 9 11 14 22 23 24 28
2761 1 5 9 10 11 14 15 17 19 22
109 2 7 8 10 11 13 15 17 18 19
2395 2 6 8 10 11 14 15 17 22 23
1196 1 3 10 11 13 18 19 22 24 28
526 1 8 9 10 13 15 17 18 19 24
1616 5 9 10 15 17 18 20 23 27 28
1264 2 3 8 9 10 11 15 17 19 22
1096 1 4 10 13 17 18 19 22 23 26
2627 2 10 13 18 19 22 23 24 25 26
2996 3 5 10 11 14 15 22 23 27 28
317 2 5 9 10 11 13 15 17 19 22
857 10 12 19 22 23 24 27 29 33 36
355 2 5 10 11 15 17 19 26 31 34
2715 5 10 19 22 24 25 26 31 33 34
295 5 6 8 13 14 15 17 18 22 23
1239 4 10 17 18 19 20 22 23 26 28
0 1 6 8 9 10 18 19 21 23 26
1213 4 10 17 19 22 23 28 29 33 36
2915 2 5 7 8 13 15 17 18 22 23
456 2 7 9 13 15 17 19 20 22 23
3577 2 5 6 7 14 15 17 18 20 22
1199 10 17 18 19 22 23 28 29 33 36
540 10 17 23 27 29 36 42 48 53 58
2986 5 13 16 18 19 21 22 24 25 27
1258 2 3 10 11 13 18 19 22 24 26
49 5 9 11 13 15 17 18 23 24 28
33 5 6 17 18 19 23 33 34 36 38
2790 1 10 11 22 24 26 33 34 36 37
779 2 10 13 15 17 18 22 23 25 26
3174 10 13 16 17 18 19 23 24 25 36
1192 1 2 12 15 17 18 19 24 28 33
918 1 5 10 12 13 18 19 22 24 28
923 10 17 23 33 36 42 44 48 53 58
1126 5 10 13 17 19 22 23 29 33 36
2354 1 3 5 9 10 11 16 17 18 19
1386 4 10 18 19 25 26 28 29 33 34
1220 7 9 10 12 23 24 29 33 36 42
911 6 9 10 24 27 28 29 33 35 36
1035 4 18 19 22 23 29 36 42 48 49
1212 2 5 8 9 11 15 17 23 24 30
1609 2 5 7 13 15 17 19 23 25 29
376 5 6 7 8 9 18 19 22 23 26
1290 3 10 13 15 18 19 22 24 25 26
1999 10 15 18 19 23 29 31 33 34 36
1135 3 10 11 22 27 28 31 33 35 36
3113 1 3 9 10 17 19 25 26 36 39
1306 9 10 11 19 24 26 31 34 36 37
1703 5 8 9 10 11 15 17 24 25 26
1720 1 5 8 9 10 18 24 26 33 34
1967 2 3 14 15 18 24 26 28 34 36
647 2 3 7 10 13 15 18 19 20 22
2598 5 9 10 17 19 23 28 36 39 43
31 5 10 15 17 19 22 23 28 32 33
3792 5 7 9 17 18 19 23 25 28 29
2173 10 11 22 23 24 26 27 28 31 33
2796 1 10 18 22 23 24 26 28 33 36
2290 5 8 10 18 22 26 34 48 53 58
2917 1 10 11 19 22 24 26 28 31 33
589 2 3 6 9 10 11 13 17 18 24
2958 5 9 10 11 14 15 18 19 32 33
3470 2 10 17 19 23 24 28 33 42 44
1373 10 13 17 19 25 29 33 36 40 42
1393 3 10 11 22 24 26 27 33 42 44
2682 5 11 15 16 19 24 25 26 36 39
591 10 13 18 19 22 23 24 26 33 35
1783 2 9 10 11 15 18 23 24 26 30
1572 7 8 10 11 17 19 22 23 25 36
1303 3 10 29 31 33 42 44 45 48 54
3417 2 4 5 7 8 11 13 15 17 18
222 9 10 17 19 22 25 33 36 39 53
379 2 7 13 15 18 19 22 24 26 34
2705 11 15 26 36 39 43 48 52 53 56
1224 2 10 14 22 24 27 28 29 33 35
1583 9 10 17 19 22 23 24 26 33 36
1526 2 5 13 15 17 18 19 20 22 23
3480 8 10 34 58 62 92 110 113 115 118
1922 5 9 10 11 15 17 20 22 26 28
749 10 17 23 40 42 58 59 62 63 78
2698 8 16 19 22 23 36 41 44 48 52
38 5 8 22 23 26 28 34 35 38 45
20 2 13 23 29 31 36 48 49 52 53
1392 8 9 13 26 33 34 35 36 38 53
2803 1 10 11 12 25 34 47 48 57 58
587 1 6 10 18 19 21 25 26 36 38
2405 6 22 24 26 29 33 34 36 37 40
1219 10 19 24 26 29 35 42 44 48 58
732 3 5 7 8 15 19 22 29 33 36
1229 10 24 28 31 33 35 45 54 58 59
3175 5 11 15 19 22 35 36 39 58 60
1960 1 3 9 10 19 26 33 43 53 58
3750 9 10 17 18 23 25 32 35 39 44
1078 3 10 24 26 33 34 36 42 44 54
907 5 8 22 23 27 33 35 58 59 67
3407 1 5 6 9 10 15 26 34 35 36
1072 10 13 18 19 22 23 24 26 27 31
3622 9 14 15 18 19 25 34 36 38 39
1355 9 10 13 17 19 23 25 29 33 36
3526 4 17 18 19 20 22 23 29 33 36
2699 5 19 21 25 26 34 36 39 45 49
1218 19 23 33 34 48 53 58 59 62 90
1246 2 10 12 22 24 26 28 33 35 37
1088 5 9 11 18 22 23 33 47 53 56
1543 2 10 13 18 22 23 25 26 36 42
1221 22 23 29 33 42 48 53 58 62 73
149 1 5 8 9 10 25 30 33 48 53
110 8 12 19 22 23 33 36 58 62 67
3752 6 7 15 18 20 22 25 29 36 39
2709 11 19 34 39 41 46 53 63 64 71
356 5 10 11 15 23 28 31 35 37 38
2656 10 17 23 24 28 31 44 45 53 57
1093 18 24 33 35 36 37 53 59 62 63
1205 17 19 23 33 42 53 54 58 97 114
2984 17 22 23 36 42 48 49 53 58 62
2639 10 13 15 17 19 23 24 33 36 42
3146 2 8 9 15 17 23 32 33 36 48
2394 5 22 23 36 39 51 53 56 57 58
3420 3 15 19 26 33 42 48 54 62 68
1516 5 10 22 23 26 33 36 48 51 58
1640 3 12 34 36 45 54 56 58 60 73
1277 10 11 19 22 28 33 34 35 36 44
1251 10 12 23 27 29 33 35 49 59 62
366 9 10 15 18 23 42 48 58 78 83
1357 9 11 17 22 24 32 33 35 36 48
1207 28 32 33 36 40 47 48 53 58 59
1675 10 18 22 23 25 36 40 48 49 52
2099 6 10 18 22 23 24 26 27 34 35
2528 10 17 19 23 29 33 36 42 44 48
2010 10 17 22 23 25 26 28 34 42 44
2320 1 2 6 10 11 15 17 19 22 26
919 2 6 9 10 18 24 37 40 44 45
2323 8 9 10 19 22 25 34 38 48 53
2011 10 22 23 25 26 36 42 45 48 53
1089 2 19 23 24 26 33 36 48 53 57
46 5 9 11 15 18 19 20 22 23 28
1499 5 9 15 18 23 34 45 56 58 60
1369 2 13 15 17 19 22 26 29 35 36
1953 2 4 10 18 26 29 33 36 42 48
1672 8 11 15 22 63 69 90 92 110 120
2114 3 10 13 15 18 19 29 33 36 40
2193 2 18 33 36 48 49 53 58 62 65
1375 10 13 17 19 23 25 26 29 36 40
586 10 11 15 22 26 31 34 36 37 38
363 6 10 15 18 19 24 26 33 38 48
3252 9 22 23 26 33 34 36 45 48 73
3670 3 10 28 31 33 35 36 45 48 53
1287 11 22 24 30 35 42 48 58 59 114
315 10 13 17 22 23 33 36 42 44 48
922 10 12 27 33 42 48 59 62 67 88
3159 9 11 15 22 24 39 57 58 63 76
1241 18 29 40 48 49 53 57 58 62 96
735 2 13 18 22 26 40 44 45 48 52
1916 2 22 25 26 38 42 48 53 65 73
1293 10 27 33 35 40 44 48 53 58 62
3254 2 9 10 11 18 22 26 36 45 48
1731 5 11 15 18 22 35 39 53 73 74
3360 24 26 34 36 42 46 54 62 88 107
1395 15 17 18 23 36 42 44 53 58 62
2762 15 18 22 36 39 43 49 52 65 83
1257 19 23 33 34 53 57 58 62 81 94
2301 9 10 11 15 22 26 31 34 45 48
3447 11 18 24 26 31 36 42 45 48 53
1652 5 8 9 10 17 22 23 25 33 36
1607 15 19 22 26 36 42 48 52 53 65
1390 18 22 25 26 40 48 53 58 75 90
2691 1 4 5 8 9 14 19 23 24 25
2454 17 19 23 33 42 53 58 92 94 117
3080 5 14 15 19 24 36 37 39 48 63
3701 4 10 17 23 29 36 42 53 58 62
2267 2 5 8 9 15 17 18 23 26 33
594 1 6 10 17 18 19 23 26 33 35
348 2 7 8 9 13 29 33 36 42 44
968 10 18 29 33 35 36 40 42 44 45
3255 2 7 8 13 15 17 23 29 33 36
903 10 23 28 33 35 44 53 58 59 62
1233 10 18 19 23 31 33 44 54 59 81
596 6 9 10 11 24 26 34 36 37 48
1673 6 23 24 33 35 36 48 53 58 62
2053 10 13 18 22 23 26 34 40 44 45
912 5 10 17 27 48 53 58 59 62 74
2080 3 6 10 18 19 22 24 26 34 35
3702 10 17 18 23 26 35 42 49 53 58
10 23 26 31 34 36 45 51 62 72 78
1376 10 13 18 22 24 42 48 58 73 90
2889 5 9 26 36 48 53 56 57 58 69
3754 9 11 15 17 40 44 49 50 57 58
1027 1 6 10 18 26 33 34 35 44 45
2000 10 15 18 19 24 31 33 34 36 42