2857 28 30 32 33 34 35 36 39 42 43 45 48 49 50 51 52 53 56 57 58 59 62 63 64 65 66 67 68 69 70 72 73 74 76 77
259 42 44 48 53 54 58 59 62 65 70 81 83 84 86 87 90 93 96 97 99 100 101 105 107 109 114 116 117 118 120 121 122 123 126 127
1195 36 40 41 42 44 48 49 53 57 58 62 65 66 69 73 75 81 83 84 87 93 95 96 100 101 105 109 114 117 118 120 121 122 123 127
1209 35 36 37 40 41 42 44 48 49 53 58 62 64 65 72 73 75 80 81 84 86 93 96 98 100 101 105 106 109 117 118 121 122 123 125
479 32 33 36 37 42 44 48 49 50 52 53 57 58 59 62 65 66 67 71 73 75 80 82 84 86 87 88 92 93 95 100 101 103 105 108
2027 49 52 53 56 58 59 62 64 65 66 69 72 73 80 81 84 85 87 88 89 90 92 93 95 96 97 98 99 100 103 105 106 111 113 115
588 48 49 52 53 55 58 73 80 82 87 92 93 95 96 101 103 105 113 117 118 123 126 127 130 131 133 134 136 137 142 147 148 149 151 157
2570 35 36 42 44 48 49 53 56 58 59 65 73 75 76 82 84 87 92 93 95 96 100 101 103 105 113 117 118 121 122 123 125 127 129 130
1269 58 62 65 68 73 79 82 83 92 96 102 108 109 117 118 121 123 127 131 133 136 147 148 149 150 151 157 161 165 166 169 170 174 175 176
592 44 47 48 52 53 55 56 58 62 69 72 74 76 80 82 92 95 96 97 98 100 107 108 111 117 120 123 127 131 133 138 139 142 144 148
1579 44 45 48 49 52 53 58 59 60 65 72 73 75 82 86 90 92 93 95 100 101 103 109 113 117 118 121 122 123 127 129 130 132 134 137
1197 36 40 42 44 48 57 58 62 64 65 71 73 81 84 87 88 92 93 99 100 101 107 109 117 118 120 121 122 123 127 129 130 131 139 140
607 58 59 62 65 72 74 76 80 82 88 90 95 96 100 107 110 120 123 127 129 131 136 137 138 139 146 148 149 150 151 153 157 161 163 165
2761 41 43 44 48 53 55 56 58 59 62 63 64 65 68 70 76 77 80 82 83 86 90 92 95 96 99 107 111 117 119 123 127 131 133 135
109 52 55 56 58 59 62 64 66 73 80 82 84 87 88 90 91 92 95 96 99 100 103 117 118 123 127 130 134 136 137 139 143 147 148 149
2395 44 45 48 51 53 56 58 59 60 63 68 70 72 76 78 83 86 91 92 95 96 99 102 106 107 118 131 132 133 135 137 139 143 145 146
1196 45 48 58 59 68 73 82 84 87 91 92 93 96 99 100 105 113 117 118 127 129 131 132 135 136 139 143 146 147 148 149 151 152 156 157
526 49 52 55 56 58 80 82 84 88 89 90 92 95 96 98 99 100 113 120 123 124 127 131 133 137 144 147 148 149 150 151 156 157 161 165
1616 59 60 62 71 74 76 79 81 82 90 96 97 107 110 111 112 123 127 129 130 131 133 136 137 138 139 142 146 147 149 150 151 156 157 161
1264 37 42 44 45 48 51 59 68 73 78 80 88 90 91 92 95 96 97 99 106 111 117 118 121 123 129 131 132 134 136 137 142 143 144 147
1096 53 58 59 62 65 75 83 92 93 99 102 109 114 116 117 118 119 121 123 127 131 133 136 139 142 146 148 149 150 151 157 160 164 166 168
2627 58 60 62 65 73 75 80 83 84 86 90 93 100 101 110 117 118 119 121 122 127 134 137 139 146 147 148 149 151 157 163 166 169 175 177
2996 59 63 68 70 71 72 73 77 78 86 88 90 91 92 95 96 97 99 102 104 111 114 131 133 134 136 137 142 143 145 149 150 151 154 156
317 39 42 44 47 48 51 53 55 56 58 59 62 67 76 82 88 90 92 95 96 97 98 99 100 107 111 120 123 127 131 133 136 137 138 139
857 88 90 97 100 104 105 107 116 120 122 123 126 127 129 130 131 136 138 140 146 148 149 151 154 155 157 158 163 164 169 170 171 173 174 187
355 58 60 65 66 69 72 73 74 78 80 82 84 90 92 95 96 110 111 117 118 121 123 127 131 133 134 136 137 144 146 147 148 149 151 156
2715 62 63 70 73 83 86 92 94 99 117 118 119 123 131 133 135 136 137 139 143 145 146 148 149 150 152 154 156 157 159 163 166 168 169 175
295 53 55 56 58 62 69 74 76 81 82 96 97 98 99 102 110 111 120 123 127 129 130 131 133 137 138 139 142 147 149 150 151 155 157 161
1239 73 84 87 92 93 101 102 117 118 122 123 125 127 129 130 131 147 148 149 151 157 163 165 166 169 170 173 174 177 179 181 186 190 192 195
0 56 60 65 68 73 75 76 78 80 90 92 96 99 109 112 114 117 118 119 121 123 131 132 134 136 139 142 146 147 148 149 150 151 152 156
1213 93 97 101 105 117 120 121 123 127 129 130 131 136 139 146 149 151 157 161 163 165 166 169 170 173 174 175 177 183 186 190 192 195 198 199
2915 52 53 58 62 73 82 90 93 95 101 103 111 117 118 121 123 125 127 129 130 134 137 139 143 148 149 151 157 162 163 166 169 170 173 174
456 56 58 62 73 82 84 87 90 93 95 96 99 103 105 117 118 120 122 123 124 125 127 130 133 134 136 137 139 147 148 149 150 157 162 163
3577 57 58 61 63 64 66 68 70 73 76 77 82 83 84 85 87 90 92 96 98 99 102 103 105 108 110 113 115 116 117 118 120 122 125 126
1199 100 101 105 117 118 122 123 127 129 130 131 139 146 148 149 151 157 161 165 166 169 170 173 179 181 186 192 195 196 198 199 202 204 206 208
540 121 129 136 139 146 148 149 151 157 161 165 169 170 173 175 177 179 181 183 190 195 199 208 214 216 220 222 225 230 231 235 236 240 241 242
2986 83 92 93 102 104 112 116 117 118 119 123 129 131 135 136 137 139 146 148 150 157 159 162 163 166 169 172 173 175 176 177 178 181 183 186
1258 66 82 88 96 99 117 118 123 129 131 132 136 139 146 148 149 150 151 152 157 161 166 169 173 175 179 180 181 190 195 197 198 199 204 205
49 65 74 76 82 90 97 99 110 111 120 123 127 129 131 133 137 138 142 146 148 149 151 163 165 166 169 173 181 182 183 184 186 187 192 193
33 58 65 73 74 75 78 90 92 99 114 117 119 124 132 137 139 146 148 149 150 151 157 161 166 169 175 180 182 184 187 192 193 194 195 204
2790 71 73 82 89 90 91 92 98 103 108 109 115 117 118 120 123 125 128 130 134 135 136 141 146 147 148 150 152 154 156 157 160 165 166 169
779 62 65 73 75 82 90 92 93 100 101 103 109 113 117 118 127 131 134 137 139 144 146 147 148 149 151 157 162 163 166 169 170 173 183 185
3174 65 70 72 73 75 78 83 86 90 92 95 102 104 109 117 118 119 121 123 127 132 134 135 137 139 148 149 151 154 155 156 157 163 169 177
1192 59 62 80 81 88 89 95 96 99 102 104 107 109 120 123 131 136 139 146 150 151 155 166 169 175 178 180 190 191 192 195 196 202 206 208
918 59 75 78 92 96 97 99 100 107 109 114 117 123 131 136 139 142 146 149 151 166 169 170 173 175 178 184 186 192 193 195 198 202 204 205
923 116 117 121 123 127 131 136 139 144 149 150 151 155 157 161 165 166 169 173 175 177 183 192 193 195 198 199 204 205 206 208 216 222 224 235
1126 92 93 102 105 117 118 121 123 125 129 135 137 145 148 149 151 154 157 162 163 166 169 174 177 178 179 181 186 192 193 195 199 200 204 205
2354 48 49 53 56 60 68 70 73 75 76 78 80 83 92 93 95 102 104 109 112 114 119 121 123 135 136 137 139 147 148 150 154 159 163 169
1386 97 100 105 117 122 123 125 127 129 130 139 148 149 150 160 161 163 165 166 169 170 175 186 192 198 202 208 216 225 230 231 236 237 245 254
1220 100 105 120 121 122 123 126 127 129 130 136 138 140 146 148 149 151 155 157 163 168 169 170 173 180 181 184 190 195 196 198 204 205 210 225
911 63 81 88 91 97 102 103 107 109 123 131 140 146 151 156 157 158 161 169 170 173 178 190 193 194 195 196 199 208 214 216 224 225 235 236
1035 117 118 120 123 125 126 129 130 133 139 147 148 149 150 162 163 166 169 170 173 174 181 190 192 195 198 202 204 205 208 212 216 220 225 226
1212 76 81 95 96 99 100 107 110 120 123 124 129 137 138 149 151 157 161 163 166 169 173 181 182 187 193 195 196 198 199 202 203 212 224 225
1609 82 87 93 95 96 103 117 123 125 130 131 133 137 139 143 147 148 149 151 157 169 173 174 181 182 185 187 190 192 198 199 202 204 205 210
376 53 58 59 62 65 73 82 87 90 92 93 95 101 102 106 111 117 118 122 123 127 130 134 137 143 147 148 149 151 156 157 162 163 166 169
1290 62 64 65 69 73 84 87 92 93 100 105 109 117 118 122 123 125 127 130 131 136 139 147 148 150 151 157 163 166 169 174 175 177 181 192
1999 117 118 123 125 129 130 132 133 138 139 148 149 150 151 157 162 163 169 174 175 176 181 182 190 192 195 198 199 202 204 212 216 231 236 238
1135 120 123 131 132 136 139 146 148 149 151 152 157 161 165 166 169 173 181 182 186 188 190 192 193 195 198 202 204 205 208 212 216 224 230 231
3113 56 58 63 65 70 75 78 80 83 90 92 96 99 112 117 118 119 134 135 139 143 147 148 151 152 156 157 159 161 162 163 169 173 175 181
1306 68 82 88 91 92 106 109 118 123 126 131 136 139 146 147 148 149 150 151 156 157 161 169 175 176 178 181 183 192 199 202 204 205 212 216
1703 67 69 72 76 82 88 89 90 92 107 117 123 131 137 147 148 149 151 155 157 161 163 167 169 175 181 182 187 189 192 193 195 198 201 202
1720 65 69 74 80 82 86 90 92 107 118 123 129 131 133 141 143 146 148 149 151 152 156 157 162 163 166 167 169 175 177 181 182 187 190 192
1967 82 88 92 99 106 117 118 123 128 131 132 133 137 139 140 145 146 151 152 165 166 173 175 176 181 186 190 192 198 201 202 204 212 216 224
647 44 48 49 50 52 53 57 60 65 71 73 79 82 85 86 90 92 93 95 98 100 101 103 108 110 113 115 117 118 123 125 126 127 129 130
2598 92 99 102 118 123 129 131 132 133 143 145 149 150 151 152 154 156 159 161 163 166 168 175 180 182 186 187 188 190 192 193 194 200 202 209
31 90 92 99 111 113 117 127 131 133 134 136 137 147 148 149 151 161 169 170 175 179 181 192 195 199 202 203 204 208 216 222 225 228 230 235
3792 53 57 61 63 64 70 73 76 79 82 85 87 92 93 99 101 102 105 110 113 115 116 117 118 119 127 130 134 135 138 140 142 146 147 148
2173 83 91 92 93 116 117 118 123 136 139 146 147 148 150 151 166 169 173 177 178 181 190 192 195 198 202 204 208 212 216 220 222 223 224 225
2796 99 117 118 123 131 132 136 146 147 148 149 150 151 161 166 169 175 176 178 181 191 192 195 198 202 204 212 216 222 223 231 235 244 245 249
2290 151 155 156 163 166 169 175 187 194 195 199 202 204 216 223 225 230 238 245 264 266 271 277 281 301 302 303 307 308 309 314 319 326 329 332
2917 92 118 123 131 133 135 136 139 146 147 149 151 157 161 165 166 169 175 176 181 190 192 194 198 201 202 212 216 217 223 224 225 231 243 245
589 73 80 82 96 111 118 123 127 129 136 137 147 148 150 157 169 173 175 177 181 187 192 195 202 203 204 208 216 222 223 225 230 231 233 237
2958 83 90 92 102 104 133 135 137 139 143 145 147 149 150 153 154 157 162 163 166 169 175 181 187 188 189 192 195 199 202 203 218 224 225 227
3470 117 121 123 127 136 139 146 149 150 151 155 157 161 166 169 170 177 192 195 198 199 202 204 206 208 216 224 230 235 238 241 242 245 255 261
1373 105 109 117 118 121 125 127 129 130 139 146 148 149 151 157 165 173 174 177 178 179 190 193 195 198 199 216 220 222 231 240 241 242 245 255
1393 117 118 120 123 139 146 149 150 151 161 165 168 169 173 175 176 181 192 193 198 204 205 208 216 220 224 225 230 231 234 235 242 255 261 264
2682 90 92 102 104 116 119 123 135 143 145 148 149 150 151 154 155 159 163 166 170 181 182 186 192 195 198 200 202 208 216 218 219 223 225 231
591 73 84 92 93 100 110 117 118 122 123 125 130 131 133 139 146 147 148 149 162 163 166 169 173 174 175 179 181 190 192 195 198 199 202 204
1783 69 72 73 78 82 90 92 95 96 111 118 123 131 132 134 136 142 143 148 151 155 157 161 163 166 167 169 182 187 192 193 195 198 199 201
1572 73 82 83 92 93 103 113 117 118 123 129 134 137 146 147 148 149 151 157 162 163 169 174 180 187 192 195 198 199 202 204 212 223 230 235
1303 109 117 118 120 123 125 127 139 148 149 150 151 157 161 169 170 173 174 178 187 202 204 205 216 224 225 235 236 242 245 255 256 266 270 272
3417 72 76 80 87 90 92 95 101 103 105 117 123 124 126 127 129 133 137 146 147 149 151 157 161 163 169 174 187 198 199 202 203 204 208 212
222 95 99 104 117 118 122 123 131 132 134 135 136 142 145 149 150 151 152 163 169 173 175 181 182 188 192 193 195 198 214 218 219 225 242 258
379 93 95 100 101 103 118 123 127 129 130 134 136 143 147 148 149 151 156 157 163 169 181 185 192 195 198 199 202 204 208 210 212 214 216 223
2705 116 118 123 132 135 143 145 149 150 151 153 159 162 163 166 169 170 173 181 182 186 189 190 191 192 195 198 200 202 209 216 218 219 223 225
1224 117 120 123 131 136 139 146 148 149 150 151 161 166 169 170 173 184 190 193 195 199 202 204 216 220 224 226 230 231 235 236 239 245 255 259
1583 82 90 99 111 117 121 127 131 134 136 137 139 146 147 148 151 157 163 166 169 173 175 177 179 182 192 195 199 202 203 204 208 215 224 229
1526 73 90 92 103 113 117 127 129 130 134 137 139 146 147 148 149 151 163 166 169 173 174 179 181 192 195 199 210 215 216 224 229 230 235 242
3480 146 149 150 151 156 161 163 165 167 169 173 175 180 187 192 193 195 196 197 199 201 202 205 207 214 216 219 222 224 225 228 229 232 235 237
1922 73 75 78 88 92 95 99 111 117 118 123 132 133 136 149 150 151 156 157 162 163 166 169 175 181 187 190 192 195 198 201 208 214 216 220
749 139 149 151 157 161 166 169 170 173 183 193 195 198 204 205 208 216 232 235 240 241 242 244 245 270 302 307 308 314 316 319 326 327 329 330
2698 101 102 103 113 116 117 119 123 136 145 157 162 163 166 170 179 181 186 188 195 198 199 200 202 204 208 216 218 240 245 255 260 261 262 272
38 119 131 136 149 151 161 162 163 166 169 182 187 192 193 194 201 202 204 216 224 225 235 239 242 249 259 261 263 264 265 267 268 271 286 301
20 103 111 118 123 129 130 132 134 147 149 151 155 156 157 162 163 169 174 181 187 190 192 193 195 199 202 204 210 212 214 216 230 235 241 245
1392 133 142 143 146 147 148 149 150 151 156 157 161 163 169 175 183 184 187 190 192 193 195 197 198 199 202 203 204 212 216 223 229 237 239 244
2803 136 139 147 148 151 152 161 166 169 173 175 179 190 192 193 195 198 216 223 224 235 236 237 245 251 255 264 266 272 275 284 286 295 297 299
587 93 99 112 114 117 119 131 132 134 136 139 144 146 156 157 162 168 169 175 178 183 184 192 193 194 195 198 202 204 213 214 216 233 237 245
2405 100 101 109 117 118 123 129 130 132 139 146 148 149 151 157 166 169 173 175 176 181 195 199 202 204 216 223 235 240 242 245 249 256 260 261
1219 130 132 146 148 149 151 168 169 174 176 181 198 202 204 208 212 216 226 231 242 245 251 260 261 264 265 271 272 280 284 295 299 301 302 305
732 82 87 89 92 93 95 103 118 122 123 127 129 134 137 143 147 148 149 151 157 163 166 169 173 181 192 195 199 202 204 210 216 223 225 235
1229 146 149 150 151 156 157 169 171 173 175 177 183 195 205 216 222 225 230 233 235 239 241 245 265 280 300 308 319 326 332 333 334 335 346 347
3175 119 133 135 137 148 149 150 156 163 166 175 186 187 192 202 208 216 220 221 225 229 230 242 257 259 268 269 272 281 284 295 299 301 302 303
1960 123 131 136 140 144 145 146 148 149 150 166 167 169 172 175 181 184 195 198 204 208 215 216 220 223 225 229 230 236 237 242 245 249 255 261
3750 75 77 90 92 93 96 102 103 109 114 115 117 118 119 121 123 127 128 131 132 134 135 138 140 141 146 148 149 150 154 157 159 164 167 169
1078 149 150 151 157 169 173 175 176 181 193 198 202 204 212 216 220 224 225 226 230 235 242 243 245 251 261 264 272 275 289 300 302 308 314 319
907 123 146 148 161 166 169 170 173 183 193 195 196 208 212 216 224 235 237 244 245 261 265 266 286 289 293 295 297 300 301 302 307 308 314 319
3407 85 89 90 92 96 99 102 113 117 133 143 144 145 146 147 148 149 150 151 156 159 160 163 164 166 167 173 180 192 195 199 200 201 202 204
1072 83 92 93 96 99 109 114 116 117 119 129 132 133 136 139 146 147 149 151 157 161 165 166 169 171 173 175 184 190 192 193 198 202 204 212
3622 92 93 96 99 110 113 117 127 130 134 135 143 144 147 148 149 162 163 166 167 169 188 195 198 202 204 220 225 230 231 235 237 244 245 260
1355 80 93 95 100 101 103 117 118 121 127 130 134 137 139 148 157 162 169 174 179 181 185 192 195 198 199 216 223 224 229 240 242 245 258 261
3526 116 117 118 121 122 123 125 130 139 148 149 151 157 163 165 166 169 173 174 179 181 183 184 188 192 195 198 199 202 204 205 208 216 231 236
2699 102 108 112 117 122 129 132 135 139 143 145 149 150 153 161 163 165 166 169 181 182 186 190 198 202 216 223 225 232 235 242 245 255 259 263
1218 150 161 165 166 169 173 190 193 202 208 216 225 245 254 261 264 278 282 284 285 289 295 296 302 305 307 308 314 326 327 340 355 377 387 390
1246 81 107 109 120 123 131 137 146 148 149 155 156 161 166 169 173 186 195 204 216 225 235 238 239 245 247 261 265 271 274 285 291 293 297 299
1088 137 138 142 149 151 163 165 166 169 173 175 181 182 186 190 192 195 196 198 204 205 208 224 225 231 235 253 258 259 264 272 289 295 300 301
1543 93 100 101 103 108 110 113 115 117 118 122 124 127 133 134 137 146 147 148 149 160 166 167 169 170 171 176 185 190 192 195 198 199 202 204
1221 130 139 147 148 149 150 157 163 165 170 173 174 179 181 192 195 197 198 199 202 204 208 216 223 225 238 245 247 248 255 264 270 272 275 279
149 123 133 137 147 148 149 150 157 163 166 169 181 183 187 192 195 198 199 202 204 216 223 224 229 233 237 238 240 245 249 261 269 271 274 287
110 131 142 146 149 150 158 161 166 169 173 175 195 196 199 202 205 208 212 221 225 245 259 261 271 272 285 286 289 295 297 301 307 308 319 323
3752 74 76 77 82 92 93 96 99 103 113 117 120 125 127 130 134 138 143 144 147 148 149 151 156 157 159 162 167 171 173 174 175 180 182 184
2709 133 135 136 137 139 145 149 150 151 154 159 162 163 166 170 175 186 187 188 202 208 218 227 228 249 272 273 274 278 284 295 296 301 302 303
356 111 118 129 132 133 136 137 146 149 150 151 155 156 161 163 166 187 192 193 195 196 199 204 216 224 225 237 239 244 249 258 259 264 267 268
2656 108 113 115 117 121 128 136 139 146 147 150 151 157 170 175 181 190 192 195 198 199 202 206 216 219 225 227 229 230 235 242 245 263 265 270
1093 133 136 137 139 149 150 151 157 161 166 169 175 180 187 193 203 204 208 215 225 230 235 237 238 239 245 255 261 265 270 279 281 285 287 292
1205 169 170 172 173 175 181 183 186 192 193 195 199 204 208 216 225 230 241 242 244 245 271 272 300 307 314 319 321 326 329 338 352 357 359 366
2984 148 149 151 157 166 168 169 174 178 179 181 195 198 199 202 204 208 216 231 236 245 255 256 262 264 272 273 283 284 297 300 302 308 309 316
2639 101 109 117 118 121 123 129 130 136 139 146 148 149 157 161 166 169 173 192 195 198 199 202 204 216 231 235 245 249 256 260 263 264 271 274
3146 127 148 149 163 169 175 187 192 195 197 198 201 204 208 216 224 229 237 238 245 249 255 257 258 259 261 271 272 273 274 281 285 287 290 295
2394 132 135 136 145 149 150 151 157 161 163 166 168 169 175 181 186 187 188 190 192 193 201 202 214 216 225 232 235 242 258 272 274 281 284 287
3420 149 151 157 161 181 183 191 193 202 204 208 215 216 224 225 235 245 249 264 271 272 280 284 285 286 300 301 302 308 309 317 319 326 329 343
1516 136 143 148 149 151 163 166 169 175 181 182 187 191 192 194 195 198 202 216 223 224 225 232 237 242 245 249 257 258 267 268 271 272 273 293
1640 150 151 156 169 175 187 190 192 195 201 202 212 214 216 223 224 230 232 235 237 240 242 243 255 257 259 263 265 293 297 302 303 319 326 329
1277 123 132 139 146 149 152 157 161 175 192 193 195 198 202 204 205 208 216 224 235 240 245 254 261 264 271 272 278 284 285 296 302 305 307 308
1251 146 149 150 157 158 161 166 169 173 183 190 195 196 205 216 234 235 241 245 256 259 261 270 274 289 297 304 307 308 317 319 323 327 329 366
366 136 137 146 147 149 150 151 155 163 166 175 181 182 187 192 194 195 202 204 212 214 216 222 223 225 229 235 237 245 262 264 267 268 271 272
1357 124 127 131 133 147 149 150 151 169 173 175 177 180 187 192 193 195 199 201 202 208 212 216 225 229 235 238 255 257 258 261 272 287 289 293
1207 150 155 157 161 165 166 169 173 181 183 189 192 198 199 202 208 216 224 225 230 232 236 238 245 261 264 265 272 274 279 284 285 293 297 307
1675 113 117 118 121 122 131 134 137 139 147 148 149 151 157 169 174 185 192 195 199 202 215 222 229 242 245 252 255 260 262 263 264 271 272 273
2099 106 116 117 132 133 136 142 146 148 149 150 151 157 164 166 169 175 176 178 181 202 204 208 216 222 223 235 240 244 245 262 264 268 271 272
2528 123 127 130 148 149 151 157 165 166 169 173 177 198 199 208 216 235 237 242 245 256 262 264 271 274 284 295 301 302 321 326 336 343 355 366
2010 123 131 136 151 157 166 169 176 178 179 181 192 195 198 199 202 216 237 242 248 255 261 262 264 268 271 273 284 300 302 306 308 310 319 326
2320 73 75 78 88 90 95 111 118 132 136 142 143 148 150 151 163 169 187 190 192 194 195 198 202 204 208 213 214 216 220 223 224 225 232 235
919 91 92 95 97 98 99 106 107 123 131 136 146 150 151 156 161 164 169 170 175 187 202 204 213 216 218 224 226 235 243 245 264 265 274 291
2323 131 143 147 149 150 151 155 161 166 169 170 173 175 187 192 195 197 201 204 208 216 220 225 235 236 239 243 258 259 265 267 271 281 287 293
2011 134 136 139 144 148 166 169 179 181 192 194 195 198 199 202 204 216 229 237 240 242 245 251 261 262 264 268 271 284 301 302 310 316 319 329
1089 123 147 148 149 150 157 161 165 169 175 179 181 186 189 192 195 197 198 199 202 204 208 216 220 224 225 234 235 238 239 245 255 259 261 264
46 76 82 85 90 95 96 99 110 123 127 129 131 133 136 137 138 149 161 163 166 169 173 181 182 187 190 192 195 202 204 208 224 225 242 255
1499 149 151 152 156 161 162 169 175 182 187 192 193 198 202 214 216 220 224 225 235 245 249 258 261 263 264 267 272 297 302 303 308 319 326 329
1369 111 116 117 123 129 130 134 136 147 148 149 157 162 166 169 174 178 181 185 192 195 197 198 202 204 208 212 216 245 248 251 255 256 258 260
1953 118 122 123 125 127 129 130 131 136 146 148 149 150 161 163 169 194 195 198 199 202 204 205 208 216 230 233 238 245 256 258 264 271 274 289
1672 175 187 192 195 199 202 204 216 223 225 229 235 258 267 272 274 281 284 287 301 302 303 308 319 329 331 340 346 352 355 368 375 386 403 409
2114 100 105 109 117 118 123 129 130 131 139 146 147 148 149 157 166 169 173 174 175 181 192 195 198 202 204 215 216 223 230 235 237 240 242 245
2193 130 136 138 139 146 148 149 157 165 166 169 173 174 175 179 181 190 198 202 208 216 223 225 231 238 242 245 256 260 264 271 272 274 275 295
1375 121 127 130 131 139 148 157 173 178 179 192 195 198 199 216 222 240 241 242 245 262 264 268 275 284 288 300 302 316 326 329 335 336 338 342
586 123 127 133 136 137 148 149 151 155 163 166 169 192 194 195 198 202 204 212 216 223 244 245 255 257 264 266 267 268 272 273 284 301 308 310
363 99 109 111 112 114 117 119 123 131 133 136 139 142 146 148 150 162 163 166 168 169 178 184 186 187 192 195 198 202 204 216 223 225 233 235
3252 155 157 163 169 175 181 187 192 195 198 199 202 204 212 213 216 219 220 225 237 240 242 245 249 258 261 263 264 267 281 293 294 301 302 308
3670 139 146 150 157 161 169 175 190 192 193 198 208 216 222 224 230 235 245 264 272 280 284 302 308 309 314 319 326 333 343 348 352 366 380 384
1287 169 173 179 190 205 208 216 220 229 235 237 238 242 245 263 264 265 272 273 274 296 297 302 305 308 319 326 329 331 333 338 346 352 353 355
315 118 136 137 139 147 148 149 157 163 166 169 179 192 195 198 199 202 204 210 215 223 242 245 251 255 258 259 260 262 264 271 272 300 302 329
922 158 161 166 169 170 173 184 193 195 216 224 225 227 235 236 238 245 255 261 270 297 300 308 314 319 333 338 339 340 343 346 347 349 390 392
3159 161 163 166 169 173 175 187 190 192 195 197 199 216 225 229 235 238 242 271 272 273 274 281 287 295 301 302 303 308 321 329 331 343 352 354
1241 147 149 161 163 169 173 174 179 181 189 190 192 195 199 202 204 208 224 225 229 234 235 239 242 248 255 258 259 260 264 267 268 279 284 288
735 118 123 129 134 137 147 148 151 156 157 162 163 166 169 181 192 198 199 202 204 208 210 223 230 240 242 244 245 256 258 260 261 263 264 268
1916 134 147 148 149 151 163 166 169 179 191 192 195 198 199 202 204 210 223 230 240 242 245 260 262 263 268 272 284 301 302 306 309 310 319 321
1293 146 149 150 155 157 161 169 173 181 190 193 195 199 202 204 205 216 245 264 279 280 284 293 297 300 307 308 314 317 319 323 326 327 329 333
3254 118 123 133 136 148 149 152 156 157 159 169 182 187 194 198 202 204 216 223 229 237 238 245 249 259 264 267 268 271 272 273 274 293 294 301
1731 151 157 163 166 181 187 190 191 192 195 201 202 204 205 214 216 220 221 225 231 235 240 242 245 255 261 272 284 285 301 302 308 321 323 326
3360 169 176 178 181 182 183 184 193 198 202 216 220 224 225 226 231 235 237 244 245 251 261 263 264 268 271 272 275 280 286 293 297 302 303 314
1395 157 160 184 192 198 199 202 203 204 216 224 225 229 237 240 242 245 258 261 262 263 264 272 273 301 302 303 308 319 321 329 331 336 338 346
2762 129 133 134 135 137 143 144 147 148 149 150 156 157 159 162 163 169 185 188 198 202 204 217 218 219 242 256 257 258 259 260 267 272 273 274
1257 166 173 175 181 190 195 202 208 216 220 225 230 231 235 245 255 275 278 284 302 305 319 329 331 338 357 372 377 388 390 392 400 409 411 412
2301 124 134 151 156 157 163 169 181 182 187 198 202 204 209 212 215 216 217 220 240 242 245 249 264 267 271 284 293 302 308 319 326 329 331 340
3447 139 143 146 147 151 157 167 169 171 179 181 192 195 198 199 202 204 212 216 223 229 230 240 245 251 261 264 271 272 285 289 291 293 300 302
1652 134 136 137 146 148 149 151 157 166 173 175 179 187 188 192 195 198 199 203 224 231 238 245 255 257 261 262 263 272 284 292 302 303 308 309
1607 134 143 147 148 149 157 162 166 169 173 181 183 185 191 192 198 201 202 204 212 213 216 240 242 245 256 258 260 264 268 272 273 295 300 302
1390 139 147 148 151 157 179 192 195 202 204 210 214 216 229 232 235 242 245 252 255 260 261 264 271 272 279 284 302 308 329 335 336 337 343 344
2691 73 76 83 93 102 105 110 111 122 125 126 127 131 135 137 138 145 146 147 149 151 161 162 166 170 173 181 186 195 224 225 227 235 239 242
2454 179 199 208 216 230 240 245 255 263 264 278 284 296 305 309 316 328 329 343 390 412 424 425 427 438 445 449 452 454 458 462 476 482 501 504
3080 136 137 148 150 162 163 166 186 195 202 221 223 225 245 272 274 278 284 295 301 302 305 308 310 321 323 326 329 337 349 352 354 355 370 372
3701 129 130 139 149 151 157 165 177 190 195 199 202 204 208 235 241 245 248 252 255 264 271 274 284 288 289 302 314 316 326 329 338 352 359 377
2267 111 116 123 129 133 137 144 148 149 157 161 162 167 169 175 181 187 192 195 198 199 202 203 204 212 240 242 245 249 255 259 261 264 272 273
594 102 112 114 117 119 131 136 137 139 142 146 150 162 163 169 184 186 187 192 204 225 229 233 235 239 242 246 264 265 266 268 271 281 284 296
348 117 118 130 137 139 143 147 148 149 157 169 181 185 192 195 198 199 202 204 210 212 225 237 245 249 251 258 260 264 272 282 288 295 300 301
968 100 106 107 123 126 136 140 146 157 161 169 173 174 177 190 193 195 205 216 233 245 256 264 265 266 270 272 279 284 291 295 307 314 319 322
3255 118 123 125 129 130 134 137 143 147 148 149 157 169 174 181 185 192 198 199 202 204 216 240 249 251 255 258 264 267 272 273 280 282 289 300
903 166 169 173 177 183 195 196 205 208 224 231 235 241 245 266 280 285 286 289 300 302 307 308 314 315 323 324 326 327 333 338 340 347 366 376
1233 148 149 150 157 159 161 169 173 181 193 195 204 205 216 224 230 235 240 242 243 244 245 255 261 264 271 276 280 284 300 303 308 312 314 319
596 146 148 151 156 157 163 166 169 182 195 198 199 202 204 208 209 216 223 237 244 264 267 268 273 284 291 293 303 306 310 314 319 325 326 329
1673 150 151 161 173 181 201 202 208 220 231 235 238 239 245 258 264 272 274 275 291 293 300 308 314 319 322 326 331 338 352 360 366 367 379 387
2053 102 109 117 123 136 146 147 148 151 155 166 176 179 181 184 192 195 198 202 204 216 222 223 225 240 242 245 262 268 271 272 273 283 284 302
912 140 141 146 157 169 172 173 183 188 193 214 216 218 235 245 264 270 274 287 293 299 300 304 308 319 323 326 327 330 340 344 376 377 383 391
2080 92 106 114 117 131 136 146 148 166 176 181 184 186 192 198 202 204 216 224 233 237 261 264 268 271 296 300 302 306 308 310 326 329 338 343
3702 129 130 139 148 149 151 157 165 173 174 179 181 193 195 204 208 216 236 241 245 255 256 264 270 271 272 275 284 295 297 302 308 326 329 338
10 148 151 156 157 169 175 178 183 187 192 193 198 199 202 204 212 213 214 216 229 244 245 251 258 261 271 290 301 302 303 308 310 319 325 326
1376 139 145 147 148 149 162 163 166 169 181 192 195 198 199 202 204 214 223 232 237 245 264 268 271 272 273 300 301 302 308 321 328 329 337 338
2889 148 149 150 157 161 163 166 181 187 192 195 198 199 202 203 224 225 229 237 238 239 240 245 270 272 273 274 279 287 293 302 303 306 307 308
3754 90 99 101 102 108 110 113 115 116 117 118 120 125 127 129 133 134 138 140 146 148 149 150 151 162 163 166 167 168 170 174 175 182 199 202
1027 114 117 119 136 139 146 166 173 175 178 184 192 198 204 205 216 224 231 233 245 264 266 271 272 273 284 285 302 305 307 308 324 329 340 343
2000 151 162 169 174 195 198 202 216 240 264 272 273 284 288 293 300 302 306 308 326 329 331 349 351 352 369 392 402 424 429 435 442 454 461 463