2857 700 2 5540 5961 5443 6 5764 14 3805 5 15 2884 2460 11 8 6008 9 3 1141 10
259 19 1630 2778 3553 1 5238 4443 2953 17 10 1730 3 4659 4394 13 15 23 18 4 2961
1195 19 18 857 2 7 10 5506 17 309 553 15 2277 3 1270 13 5775 3711 185 1027 4
1209 17 4255 3 416 5552 4825 2501 2993 4412 2 8 10 895 15 5900 4 6 1145 9 13
479 3506 3461 2397 8 5697 7 4 11 13 9 3455 3138 5275 2582 2 178 5793 15 10 3
2027 2 15 4 1 3692 931 1581 13 3331 5040 5 7 17 8 2171 4350 9 1463 1957 2548
588 22 5641 20 270 5520 8 5693 18 4563 2571 7 3897 4755 2 2269 17 13 10 4912 19
2570 2 711 10 17 7 516 1214 15 3772 1100 9 19 4920 13 726 5947 2639 5 4925 8
1269 3692 7 25 24 17 2701 3145 10 1153 1975 2062 413 4617 1 26 3 22 4569 4513 19
592 15 4539 13 4264 4938 3 19 5575 2 3431 12 3634 4173 3585 17 5 2213 2924 9 11
1579 18 13 17 4256 5975 4515 1916 1444 3 2502 110 4150 15 8 7 2775 10 5 19 1715
1197 19 4175 18 10 3581 3646 15 2735 2 4 2699 3072 13 3 11 5028 2427 12 4819 545
607 6020 9 8 22 24 508 5465 14 693 23 4683 28 3843 1 2262 11 1568 3772 5 5081
2761 19 10 3575 130 15 1849 1235 3606 5212 22 5 17 14 11 4109 1 9 2647 1197 4127
109 5120 2 1845 2311 13 17 9 8 2133 18 2300 10 7 11 1709 5151 4900 19 2883 15
2395 22 15 4795 11 6 14 8 3201 1311 812 10 2 23 2452 2555 2059 1751 4290 17 5416
1196 405 3 3784 365 19 4520 24 5725 3218 10 1444 1 22 200 11 28 1855 2602 18 13
526 1 10 3786 1279 206 19 2170 1620 17 18 8 675 15 13 2988 9 2966 3907 920 24
1616 2850 20 28 1940 3801 4430 23 3875 5 10 9 279 1148 4476 15 4887 18 17 27 2097
1264 2059 11 5221 10 15 22 519 2 9 3149 17 228 8 2884 19 3990 3 3050 1715 5994
1096 4382 501 1287 1806 105 26 13 1858 1779 22 19 1558 17 3753 1 18 10 1731 23 4
2627 13 18 417 2834 1486 2 22 4663 3257 26 5456 23 3905 25 5587 5891 3264 19 10 24
2996 4366 5756 15 14 379 10 5800 28 127 27 3 11 5994 5961 1786 22 23 5 249 5334
317 9 5 2 2081 15 11 3883 3068 3700 1129 4599 10 375 2450 19 22 4139 5705 13 17
857 19 4618 4274 3862 10 4907 22 27 29 2865 23 2322 24 3512 2071 36 12 2212 33 4287
355 4348 11 1510 1848 17 103 26 5 5978 4057 10 1824 2052 31 4017 15 2 1385 34 19
2715 2136 4420 5928 33 26 30 34 25 4265 5296 10 2844 22 2253 24 19 5 2300 1057 31
295 18 14 13 8 23 5 28 1466 22 4010 2230 5577 3136 5066 3352 5247 3862 17 15 6
1239 17 5080 2553 4 10 22 18 28 4851 1603 3078 19 2133 5687 23 2502 26 5829 20 2604
0 26 1 4941 3126 298 270 6 19 3604 8 18 1432 481 2526 23 5224 21 2813 10 9
1213 1957 1606 1773 1388 28 17 964 4 36 3294 2120 29 19 4467 23 4890 10 22 33 5914
2915 8 5773 15 5036 1594 5265 989 2 3382 18 3494 2438 23 7 5 3328 13 22 17 5441
456 9 5651 960 19 7 22 4394 13 850 4414 5378 20 91 5891 2 15 23 17 3353 3666
3577 2 6 2862 4268 5 3007 17 6031 5197 15 497 22 14 2605 20 3282 18 5908 7 4147
1199 28 1036 23 36 18 1351 4634 33 2644 2956 2223 274 4129 3548 29 3634 17 22 19 10
540 3174 42 27 29 58 5037 10 53 403 5259 2533 3913 3468 17 23 4617 36 48 1424 1313
2986 18 2281 27 22 4274 3043 4787 3460 3667 25 5 5009 21 13 24 16 640 19 4986 4211
1258 2805 24 2 3 2389 2999 13 2026 18 26 11 3629 3601 22 5433 1830 10 573 19 4978
49 2643 2 5385 3997 4981 11 5778 9 15 1371 4110 17 751 13 594 28 23 18 5 24
33 2963 23 5 2892 33 38 3070 2732 3617 36 5734 18 17 34 625 4027 2929 19 4747 6
2790 857 3813 24 10 1 459 34 6029 4272 33 5975 3522 37 36 4785 22 4648 26 5103 11
779 4780 1823 5309 17 2805 15 22 18 4528 4145 23 26 3190 10 1273 25 1118 2 987 13
3174 489 17 18 2904 16 36 10 3761 2102 25 2386 24 3862 4190 13 5048 23 2482 19 306
1192 5534 1529 2678 5401 33 2 1596 2048 18 3907 872 2480 12 15 2033 24 1 19 17 28
918 5494 4010 22 6024 1141 547 5 10 24 3360 19 12 3968 3098 3653 1 18 28 4542 13
923 58 4047 17 44 5435 10 5333 2474 2100 110 53 3883 33 42 36 48 23 1070 859 2825
1126 2724 528 23 1091 22 17 10 3608 357 584 3945 29 36 33 13 5 1153 25 19 5058
2354 3 1997 16 17 724 18 5393 10 5 1525 5603 439 19 9 11 3558 2915 3791 4320 1
1386 18 4 26 4744 3622 4706 25 575 3776 4311 33 2404 34 1574 389 2305 28 29 10 19
1220 5666 42 2410 9 10 1596 3362 24 7 23 652 29 36 1822 5105 33 5883 4262 12 674
911 36 10 290 24 4414 5936 35 5962 2300 9 3948 950 28 3058 33 84 3979 6 29 27
1035 2729 3544 29 4 5526 49 4464 18 36 5928 19 48 467 2675 23 2250 42 2728 22 3849
1212 566 8 15 17 30 2 23 2633 5 3710 9 1020 24 2189 4368 328 1177 2709 11 491
1609 3214 25 5089 15 4818 1631 5 1286 5565 5921 17 13 2 7 472 2923 19 23 3277 29
376 18 8 3378 19 2267 407 6 9 3013 1154 7 22 23 1222 5 26 5355 5228 951 1461
1290 24 19 3474 94 26 3814 13 22 2843 3346 25 3 2474 2508 1139 3083 18 889 10 15
1999 4574 33 23 5947 10 4065 19 5465 29 18 15 4391 447 36 31 597 34 5027 2310 5095
1135 4952 3 22 5758 176 35 2706 4017 1827 10 11 36 33 34 28 31 27 4299 764 4929
3113 10 2663 9 19 5617 5773 3 2356 39 25 17 3133 2150 138 1 2058 26 1403 324 36
1306 26 643 657 4327 9 2119 2364 3297 37 36 1470 5639 31 24 10 11 701 1957 19 34
1703 26 4941 17 25 5 9 3635 24 3686 4259 4744 3844 1925 3631 15 5469 8 4233 11 10
1720 3409 24 4059 1060 9 1 8 33 1323 3459 5 231 10 2750 3478 18 5203 34 4131 26
1967 2601 34 5855 14 26 1195 2 3352 18 2278 24 86 2782 36 3 4171 5039 15 28 1598
647 13 3 20 19 15 7 1248 5089 10 5292 1331 18 1623 22 2 5231 5292 4598 649 863
2598 5772 3771 28 4552 19 17 9 4601 5416 10 3032 5 43 4270 3695 36 103 39 3225 23
31 23 10 2923 5789 28 1755 868 15 1751 1772 5 244 19 17 1816 32 33 22 5138 351
3792 25 28 2432 7 3174 19 4548 5912 2859 37 1920 29 18 9 17 1368 23 1797 5 632
2173 2357 2891 5651 2693 28 11 24 22 3305 229 31 33 26 5852 10 4841 2283 1065 23 27
2796 5495 5881 28 36 1 26 2512 33 18 10 4877 1554 1710 357 386 23 1993 24 3811 22
2290 4010 1690 3905 48 1034 1648 2819 34 5929 26 10 1619 594 18 58 8 3794 53 22 5
2917 11 4665 31 5856 4982 26 1275 10 1247 19 22 33 4786 1 2019 28 2701 5037 5386 24
589 1642 18 2397 2648 3 4236 6 9 2 1467 13 11 3988 2509 24 2826 17 67 1319 10
2958 14 3321 717 3757 10 3846 19 18 1229 33 11 15 3904 5 2018 4209 1212 32 1644 9
3470 3119 23 1963 42 28 10 4676 44 5372 33 24 5896 4540 17 19 3642 2991 2 5735 4481
1373 29 4976 4914 1670 42 19 111 10 918 33 4158 25 40 4573 4702 4035 13 17 36 2692
1393 27 26 1793 4031 24 4692 10 22 2365 3 166 1582 1748 33 11 1776 6008 2661 44 42
2682 15 5 5581 25 24 2991 4859 3459 26 4556 39 36 3045 565 16 873 11 4370 19 2553
591 19 4274 21 251 3875 26 2406 18 1543 23 22 4292 3881 13 5385 10 35 24 33 568
1783 24 23 9 3351 5024 18 15 4642 4651 630 5590 5673 11 30 4012 10 224 2 26 1089
1572 11 3878 10 2949 2739 25 4080 22 1111 7 8 19 1217 1458 3145 17 4724 23 36 5715
1303 33 488 3174 1199 48 389 54 6029 3376 2253 29 45 92 10 3 44 31 987 42 5642
3417 4383 4 18 3216 2190 17 3868 5 13 4420 4854 11 1146 4579 15 832 468 7 2 8
222 53 1213 947 3779 5423 9 3734 10 4651 36 39 4128 936 22 5594 17 1327 25 33 19
379 26 24 19 1379 13 2609 2558 5973 15 2469 2 4198 7 34 18 2971 22 2263 5190 4675
2705 82 4646 36 52 1514 4434 48 53 26 1031 56 4207 43 4084 15 11 39 2961 586 3001
1224 5810 35 3573 3791 4740 3851 4856 778 29 27 2 590 1398 28 33 22 14 24 10 4228
1583 3337 4430 22 19 4779 36 24 23 5989 2528 3326 33 10 5983 5704 17 1834 26 9 3322
1526 4846 17 23 5 1751 156 15 3100 2006 205 19 1251 22 20 13 5680 18 2 4598 5189
3480 115 2501 1330 539 2902 10 5076 34 2335 5619 4328 92 5829 5759 110 118 8 58 113 62
1922 5 1562 10 20 9 17 3316 15 2342 11 602 1272 28 22 4998 4925 2025 26 128 4268
749 62 3742 4171 5233 59 17 78 1193 40 1914 58 23 3090 42 10 4985 843 1089 2410 63
2698 52 44 4638 5958 5134 5474 1241 5590 16 23 48 3287 5479 59 8 36 22 41 3276 19
38 5342 35 3042 3743 38 26 45 28 806 23 4444 8 34 2671 3301 5384 22 5 1338 5383
20 1814 31 1177 1139 5210 5530 52 13 29 49 3448 36 2615 1738 53 3876 2 48 23 4282
1392 2748 2626 2044 33 6010 3901 762 3935 13 34 35 53 9 4450 4110 26 8 5092 38 36
2803 1703 5848 3049 12 3559 1 2858 10 34 5406 25 5336 58 11 57 4276 1247 47 363 48
587 25 26 5218 5227 393 21 5852 38 19 10 5570 18 1 3968 6 386 4696 1035 36 4092
2405 457 34 33 26 3394 40 1563 29 22 4082 2595 6 5680 1917 36 537 24 1006 598 37
1219 24 2178 44 58 29 5683 10 48 19 3458 35 4443 5690 1331 2118 26 1734 4440 42 2958
732 33 2149 3 7 29 4736 19 3454 4179 4159 5818 2810 15 2835 5 859 36 22 8 2928
1229 1139 31 2959 1723 35 4254 4861 24 45 33 5081 58 59 1842 28 54 2361 492 5904 10
3175 22 3742 2028 39 930 60 19 35 4892 4306 2072 15 36 5 3234 5498 11 5839 1327 58
1960 3 1672 4051 33 2654 6003 26 1 5491 1149 53 43 1823 2217 58 9 19 10 5255 1810
3750 18 10 3638 44 5671 5777 35 5042 23 9 5870 2592 25 3052 1094 1711 39 32 4154 17
1078 4423 1954 54 2064 5777 2775 10 3806 34 3 5176 1157 42 33 2795 36 26 24 4967 44
907 33 59 4334 22 67 35 58 5 1433 5591 1012 1658 27 393 23 5362 5335 2965 8 4483
3407 2806 3709 4191 36 26 367 9 4902 34 4320 5993 5091 5 1 15 35 10 5883 5580 6
1072 3035 5894 5019 10 26 13 24 3062 581 31 3905 22 1702 5852 5503 27 19 4161 18 23
3622 9 19 606 1997 5604 3240 15 39 5262 36 229 38 3624 34 25 5326 4464 14 18 3739
1355 1905 36 25 457 13 9 531 122 19 10 14 23 17 4340 764 1266 3470 4423 29 33
3526 18 20 23 22 36 4606 29 19 5743 2667 3379 1725 2871 4 2220 5780 17 4181 33 200
2699 2709 2187 34 49 26 6024 2244 36 5 3895 39 21 19 1521 1069 2099 5675 41 25 45
1218 59 1056 34 894 23 4368 5894 579 19 58 581 53 1176 2968 1661 90 1360 48 33 62
1246 5560 4967 3415 700 33 3131 26 1001 22 10 3352 2 37 12 1207 336 24 28 3196 35
1088 4925 1867 155 4769 53 9 1409 5959 22 4648 601 5 11 47 56 23 18 5245 33 5961
1543 4647 13 23 18 5519 25 26 1210 36 3666 5609 2 42 3072 3018 10 3172 22 4608 243
1221 3431 33 42 23 3611 501 3810 29 1372 22 2706 58 48 79 53 5012 73 5854 3243 62
149 10 1 53 1527 4404 5631 2236 3490 33 2091 2824 5 5350 8 48 9 4634 25 5726 30
110 4626 67 62 8 1397 23 58 2510 2428 4930 33 22 19 1472 12 3119 5821 701 4628 36
3752 36 20 15 2489 2532 29 1954 25 39 201 6 18 22 7 879 4770 1903 3543 1196 3674
2709 63 34 290 2853 5732 11 39 19 3149 53 46 64 1322 3593 71 6009 41 336 5441 3380
356 5 568 23 87 3855 10 2746 35 38 2324 4959 5360 11 1241 37 15 28 2012 31 4452
2656 23 28 375 3412 1826 2510 10 31 166 53 45 1855 1693 57 44 4372 338 24 17 1603
1093 33 24 5179 59 580 35 36 2962 53 37 2027 1158 1436 18 62 5324 63 4335 1346 1091
1205 3598 2294 3284 913 2947 19 2385 4874 54 114 53 1300 23 33 17 58 3982 2924 97 42
2984 5135 5815 17 23 2940 5383 3670 2288 53 2108 58 42 36 1197 1074 62 2047 48 22 49
2639 42 1814 33 4907 36 4462 24 2474 10 1468 2458 13 15 792 363 5049 17 23 3434 19
3146 1014 5036 4115 1332 9 17 2 2750 4534 2051 23 1703 2092 5035 48 36 32 15 33 8
2394 22 3229 53 5377 3969 56 23 51 2123 2871 39 58 764 5 57 701 36 1995 4141 4559
3420 3 1754 2821 48 2089 54 15 4442 33 2132 3743 26 62 1357 42 4063 68 19 535 3901
1516 48 23 895 3530 58 3566 4711 2749 1900 1878 51 5 1344 26 33 3806 36 22 10 5979
1640 36 5879 54 60 4257 4213 3 12 2359 2083 3527 4614 56 58 73 3210 2433 1093 45 34
1277 529 19 28 22 34 33 969 3820 11 1932 4659 4807 35 36 1664 10 44 17 727 614
1251 3136 23 2911 59 10 5996 29 27 5802 1065 33 5755 12 62 2227 799 35 1532 49 713
366 10 5119 4230 58 568 407 3171 9 666 42 48 1145 78 83 5747 18 23 2326 5752 15
1357 1176 35 36 4577 24 174 2573 3178 11 32 22 9 33 4976 204 17 3907 5311 48 4057
1207 930 3375 442 47 5887 1312 5450 683 32 48 53 898 59 33 36 5031 28 58 1638 40
1675 5597 23 3773 49 18 2763 1655 1009 40 1990 2213 5622 10 36 25 4538 22 52 48 2839
2099 4183 35 24 34 5478 4287 18 10 22 5641 23 3357 365 26 27 3005 6 4316 1793 2493
2528 4492 42 3843 17 181 19 29 36 813 44 10 23 2960 2696 5111 3800 700 33 48 1477
2010 10 22 5291 514 5515 26 4333 3548 3104 821 23 769 44 25 1593 42 34 17 28 5486
2320 11 3954 548 10 974 19 5775 5431 15 5868 2 4369 342 1 22 5313 17 6 5127 26
919 5111 18 2 4886 3400 5932 1149 9 2947 4469 44 45 10 40 6 4504 37 4740 3135 24
2323 2330 34 19 22 3289 3489 101 38 1433 25 8 4682 9 4531 4899 53 10 5290 803 48
2011 5353 22 2523 4817 36 2573 23 3962 26 2773 42 10 25 131 48 45 5517 3593 53 382
1089 23 2 4794 53 24 3866 57 19 2216 33 48 36 1663 5952 4911 792 2478 2397 26 2023
46 15 3258 5 19 4051 28 598 22 9 2613 565 1014 1671 18 2005 11 581 20 23 5744
1499 2585 45 5112 4380 5192 18 5993 5 15 60 2099 9 4858 5892 58 2693 5217 23 56 34
1369 2247 19 26 2197 1729 35 4637 1545 17 29 4020 5241 456 5341 36 15 1801 22 13 2
1953 361 5976 2732 4306 1717 2 36 5303 4073 1068 18 4256 33 48 10 26 29 2689 4 42
1672 110 36 120 63 15 2312 92 2095 4613 2258 11 3887 22 871 8 90 1631 2254 69 4719
2114 5784 3294 18 1339 15 29 40 3 36 1368 1499 10 19 5455 13 33 3184 4432 2017 4412
2193 2 62 5092 2810 1180 4041 18 49 4498 5943 65 58 36 33 3140 4735 53 2747 48 3625
1375 17 29 36 26 13 2376 1582 3928 40 5409 19 25 3340 4428 23 10 2930 1081 5262 4831
586 5879 31 26 11 4007 22 10 444 34 5934 1787 4981 641 37 4270 4455 15 4976 36 38
363 38 6 1778 4979 5484 26 15 5774 388 24 19 1626 33 2666 18 1076 1029 1948 48 10
3252 3474 1460 573 5655 45 33 34 9 3341 23 22 4114 4883 48 73 5789 2515 365 26 36
3670 48 5442 5793 28 3084 5911 10 33 53 4771 3677 1351 36 3 35 439 45 31 3772 3360
1287 114 22 11 5908 3228 30 42 406 35 48 900 5797 24 58 2104 5909 311 59 2885 5179
315 13 42 22 2821 48 54 2049 2070 33 23 17 5178 3721 44 381 1419 5995 10 5260 36
922 33 4049 10 88 103 27 62 42 3176 1420 1173 59 1123 12 5045 48 67 5428 4489 812
3159 5057 782 2122 2639 57 1414 379 9 24 2954 76 5928 15 39 63 11 5261 2797 58 22
1241 49 3190 535 18 40 58 96 4345 2884 567 57 53 177 4029 29 62 3271 4276 2328 48
735 1521 26 2 22 1455 2352 44 1843 13 40 2410 5793 3753 5855 45 1954 1685 18 48 52
1916 4513 569 4011 267 26 6038 2814 168 990 5471 42 48 2 65 727 25 73 38 53 22
1293 62 40 27 4856 33 2773 4805 35 48 44 58 3862 3305 625 5761 1508 2816 10 5052 53
3254 48 22 1480 11 2017 9 5730 2 45 973 4619 3157 36 5571 421 3903 26 10 18 3123
1731 2668 22 2732 5180 4241 53 6036 5237 1566 11 866 39 73 15 5 35 4923 74 2869 18
3360 1113 2886 5753 36 34 26 24 54 62 5312 864 33 46 3242 42 88 4314 107 5197 4895
1395 58 908 2456 53 4498 3027 5558 15 4766 36 5551 23 42 62 5539 1144 18 1272 17 44
2762 43 15 52 39 4365 1476 4869 805 5373 3229 36 1627 572 1927 22 18 83 65 4070 49
1257 33 81 915 2209 58 34 5237 57 3988 53 1049 3070 19 94 23 5429 650 2280 62 1043
2301 5113 3563 45 10 26 9 481 5340 1120 22 4870 48 5557 11 5340 15 2908 34 5558 31
3447 36 5873 853 26 1163 1115 53 2588 18 5321 42 2778 45 48 31 11 24 5564 3146 78
1652 130 36 407 158 1485 2689 9 33 10 22 1893 5 2578 17 5077 8 3432 25 2463 23
1607 2623 4812 3363 2339 22 52 3966 3884 42 317 3866 48 15 26 65 36 2164 19 5391 53
1390 5461 5693 2107 58 3261 90 26 75 4527 5056 48 25 1134 40 22 5287 4479 18 53 5979
2691 4654 4482 4707 1 24 8 4820 19 1913 4 2144 2365 25 5 3455 23 1006 1908 14 9
2454 33 17 23 3397 1964 117 1864 42 5660 92 19 3748 5203 53 1468 5101 5047 2753 58 94
3080 1942 288 3220 14 39 455 63 15 3912 3655 799 19 5 37 48 24 3173 125 36 3549
3701 848 1677 36 54 1704 42 5311 58 933 53 17 3690 29 62 23 4702 10 4465 3966 4
2267 9 4003 4129 2710 33 4670 5 8 18 17 15 23 172 4252 1076 2 1126 26 4900 2345
594 23 5686 1 5684 4977 17 275 1853 33 19 18 10 569 26 5760 4320 6 4199 35 3771
348 42 29 33 9 2 3707 36 704 1505 2685 13 5879 1608 2002 3554 2029 8 1158 7 44
968 1631 4616 33 166 2439 1122 18 29 42 72 36 10 40 600 530 1970 35 6033 45 44
3255 36 29 17 3545 1733 33 7 2 4814 4123 15 587 1132 8 13 5518 244 4846 4595 23
903 33 3200 112 2238 59 3633 62 2404 2709 2289 58 44 23 10 4608 35 1861 28 53 465
1233 81 33 23 31 44 5592 4037 18 4288 3778 1174 4420 19 1981 4496 10 54 59 4733 2977
596 26 34 2651 2356 37 5409 6 9 2274 1580 3467 11 1174 24 36 4486 5442 48 3095 10
1673 36 4519 62 2446 4092 48 23 53 33 4491 24 649 3752 35 679 163 2209 6 58 1687
2053 579 23 1559 2926 26 435 4528 61 45 40 10 34 2546 44 18 22 13 4402 3148 2424
912 74 59 62 4949 4954 5 27 48 53 4202 599 5590 1415 4452 17 58 5079 10 346 4767
2080 4696 3748 24 22 19 1887 3 35 2886 34 4641 4856 4063 10 26 18 6 986 3470 5103
3702 42 5290 5543 10 1305 17 3801 26 4574 53 590 2571 4569 54 49 18 58 1832 23 35
10 3571 45 450 36 62 26 5685 1846 818 51 6033 34 2903 5093 78 23 31 5207 72 4225
1376 90 10 3116 73 2958 5611 18 3923 2879 42 58 2396 13 808 1662 22 24 4160 48 5254
2889 1839 48 5605 4964 69 4856 728 57 36 24 9 5 2072 1973 2445 4600 53 58 26 56
3754 5796 4220 49 57 40 410 2548 4170 305 1600 5627 58 9 2618 11 44 15 773 50 17
1027 34 44 18 1 35 2736 3821 1249 2161 5628 2420 10 33 5796 26 45 4827 5398 6 1156
2000 3647 1245 3109 3110 10 36 5021 31 15 18 3197 33 5914 87 24 19 42 1267 34 3124