2857 67 1578 50 51 164 39 5552 4983 56 638 1109 4545 723 88 59 3499 70 2874 42 65 1578 2694 33 89 43 886 5449 74 35 49 53 66 45 5126 76 73 58 64 4245 34 52 48 32 4504 1990 69 36 4723 3570 62 57 2542 3156 3061 5505 3036 1596 449 72 77 4353 1084 1060 2858 68 63 30 5877 28 2138
259 84 48 118 90 65 638 3984 2249 1735 1787 107 96 427 54 843 114 126 42 5561 5292 5518 59 2602 109 87 5407 93 1909 62 4960 4082 99 1656 81 100 105 120 3526 4365 4866 5740 116 5255 97 1505 5029 101 2209 3606 58 1886 4848 86 70 3062 5973 117 127 123 4813 44 121 83 53 4188 3386 2375 5224 3879 122
1195 44 4486 66 95 42 41 4576 109 62 2318 100 4871 127 2179 73 101 117 87 3975 2245 1273 4464 118 122 1973 2681 627 3016 121 69 57 2155 48 3284 3034 2449 5799 93 65 36 120 908 4139 84 1424 123 114 1919 2222 105 2597 58 3731 96 1951 2933 3765 709 53 3060 32 83 49 4462 75 81 5496 4166 1199 40
1209 118 2635 123 93 75 5326 53 48 1786 100 84 3628 645 122 105 81 1787 1400 4424 106 3795 64 4595 121 72 3838 134 2563 243 98 49 41 36 1656 96 58 4495 3407 117 2160 1811 65 80 37 35 73 2381 3627 40 2763 42 3132 3333 395 1402 3672 3974 960 86 5250 3911 125 44 1193 4359 4441 109 4376 101 62
479 4984 1927 4493 88 103 2406 68 5101 5567 42 4445 553 82 58 49 3789 773 2099 4436 86 50 66 2893 4692 32 861 33 4877 4247 3050 1028 906 62 100 52 75 57 105 4799 93 44 53 4797 5834 59 4051 84 108 92 4006 4770 4059 95 5212 5893 3188 4301 65 71 37 1781 67 80 73 101 680 87 36 48 776
2027 3003 3598 100 73 92 111 5514 95 4759 49 65 615 66 72 96 5114 89 4762 4272 62 88 97 81 105 1808 6026 98 69 59 3928 115 106 52 4572 5818 103 85 90 53 2698 2075 1560 87 3374 64 5132 4137 113 84 135 5478 3798 5285 324 2443 58 3091 99 2574 5693 684 80 5274 2031 1852 1396 4005 93 56 4991
588 55 131 96 148 3964 52 5171 2518 3214 147 2150 4536 2183 127 123 157 2104 90 95 73 137 4760 2834 4845 2782 92 5308 48 126 130 133 3985 113 118 5292 149 80 1361 723 87 105 387 896 142 1758 58 103 1869 3868 1293 523 220 49 53 987 967 117 151 3933 1574 3710 3707 2850 1935 93 101 134 1504 136 82
2570 117 63 3383 918 4660 44 65 1292 130 93 96 2791 36 2707 5466 76 113 2089 3600 430 5803 87 219 75 4946 2710 2825 1109 217 42 35 103 82 129 95 2046 59 3295 53 2111 439 92 118 77 4 123 100 1131 105 101 3616 121 127 4920 3609 3213 73 3804 48 56 84 1263 5590 2233 122 4420 3984 125 58 49
1269 150 169 4145 149 2372 62 2463 2031 157 3852 68 3001 176 4768 1839 82 5244 1050 1075 2775 165 109 1979 4787 3052 2830 2843 117 2972 131 92 405 65 2637 2163 161 151 334 147 102 1337 83 174 58 79 5921 433 85 4767 170 96 5150 4444 5505 127 2097 121 4326 118 73 123 133 4839 108 1765 2187 136 148 166 175
592 131 2675 2128 5983 69 95 2366 864 3884 288 2958 3912 3083 80 111 1791 4498 72 2593 120 133 92 3554 53 112 142 5313 2350 98 2648 697 52 3011 96 292 47 139 5870 3002 5146 450 1200 58 108 55 62 82 123 4671 364 144 4583 5851 138 44 74 3385 4813 1518 97 76 4143 148 3262 56 100 107 117 48 127
1579 2975 930 45 95 1986 52 4630 4565 1236 834 72 65 5410 53 49 44 60 130 132 882 100 137 4583 4363 5845 464 103 2762 3677 82 129 5714 73 4203 134 86 5155 203 356 101 117 5175 48 4817 122 59 3130 4280 3897 123 90 1082 127 3587 92 75 121 113 5588 58 758 1758 93 1821 109 118 500 593 1531 2647
1197 4516 140 5405 1773 121 131 130 4317 3028 4076 3111 107 70 773 4151 3967 120 92 71 809 227 5581 44 48 1476 4569 1208 64 129 2634 5442 93 3575 41 2266 118 101 1699 4108 57 81 36 84 139 40 1342 100 87 2343 127 122 109 5092 65 367 73 42 156 108 2532 3328 1504 123 99 5242 117 58 88 2017 62
607 74 4931 779 1904 5060 138 90 110 4054 5117 149 131 1910 58 2193 3350 136 96 129 95 5183 174 137 3800 5164 3752 107 146 100 2508 4493 731 5772 3798 120 80 1938 1653 27 2388 88 401 1763 157 5244 76 4856 416 3820 1209 1226 82 1300 161 5199 127 65 151 4642 153 123 3244 150 72 59 163 139 148 165 62
2761 59 77 1085 3245 68 5839 1185 83 55 135 2972 2433 133 3530 1459 78 234 5898 131 99 691 65 779 53 4955 64 86 76 3027 63 1127 2685 48 1981 5708 4745 4321 123 44 686 5684 56 43 1515 2203 41 90 95 2849 70 119 92 80 3053 1864 1791 107 4142 866 127 62 1177 58 96 434 117 111 82 2099 2506
109 511 3918 91 99 147 136 5594 5930 244 1169 87 3071 4239 143 55 4151 58 117 52 95 3004 3907 92 5096 5410 5238 393 100 96 123 700 84 134 88 244 2564 62 5820 103 3879 1290 118 80 64 130 3755 2827 5544 5313 5197 148 149 5703 137 4628 3797 59 139 5358 263 315 3570 5844 56 90 2167 66 127 73 82
2395 59 4178 44 145 4443 51 2918 91 3728 3898 4495 1845 58 53 132 2744 102 143 72 1569 3495 63 25 135 60 107 5731 146 5068 5883 825 99 118 5586 286 750 137 70 3997 4367 45 4833 131 78 46 83 2361 86 133 2300 6026 106 139 95 1118 382 4811 4421 2294 96 92 5679 4045 56 68 1774 48 76 2992 4318
1196 156 425 117 747 4061 3914 45 113 152 127 4503 3345 105 148 1550 4678 2964 149 99 2234 1310 5769 131 2372 48 59 129 1185 147 3273 1987 118 2661 2770 512 132 91 146 1096 100 96 4052 1821 87 82 2171 3175 84 68 4297 73 3007 143 135 58 157 5280 1566 93 5927 3939 92 3175 5360 405 139 2536 136 4519 151
526 2871 137 4237 165 100 88 2146 4508 3619 1158 56 151 156 2662 2992 124 3637 150 147 99 95 2054 149 144 157 1434 2021 82 49 131 84 643 5203 4547 80 5286 1188 4994 52 4006 92 3948 55 469 3922 2316 5201 123 1523 1253 98 90 133 5090 1572 161 3895 96 1111 4 113 58 89 2104 240 5082 148 120 5196 127
1616 1538 136 161 150 139 3141 279 147 60 131 3194 79 142 81 112 1076 760 127 926 96 4737 76 4491 415 133 1245 3738 2238 146 2443 74 2004 2410 123 130 59 5302 5061 97 336 129 5910 2598 2961 71 4371 4645 62 148 5690 156 157 2159 107 4505 1310 90 4866 138 111 1126 5979 4430 110 137 5248 149 1032 82 151
1264 134 2182 5267 4366 136 3239 617 132 3956 143 2791 6023 737 106 91 1029 37 147 142 5875 3978 123 73 2129 1751 4715 4105 99 97 489 51 96 88 95 121 111 4600 5467 144 68 5214 527 117 92 48 90 1719 78 3283 1287 80 1919 131 118 2693 45 1512 42 6004 458 137 129 59 4693 1787 44 3047 4496 1543 4120
1096 3991 469 2634 168 3002 136 118 92 4420 868 148 3364 99 62 109 5507 3899 4891 114 2204 2331 166 3841 4488 65 5929 3814 102 146 59 5926 123 5918 93 4329 160 551 2448 4044 3223 133 131 157 151 727 75 201 127 2788 142 119 58 139 674 117 5448 121 2388 150 2654 116 4504 4896 53 83 6005 2596 164 149 2597
2627 4132 4554 75 157 73 96 5460 122 3077 1975 119 3674 184 5456 5467 62 998 5905 166 148 1270 58 2477 2569 1241 6001 151 3375 163 101 3240 80 127 149 754 5491 1415 237 169 60 176 134 5922 2652 3725 90 83 4687 147 117 177 100 1833 305 139 5470 118 3601 146 84 4200 5067 175 1461 110 121 86 65 93 137
2996 5197 73 63 71 2911 5775 3734 145 4633 77 890 89 5788 92 133 3511 1111 5052 3516 142 6008 86 3068 111 114 2088 102 97 2523 88 70 283 738 96 99 2161 3314 4668 95 2379 149 826 4320 131 4923 68 5887 156 78 2349 136 59 5969 969 6010 150 2239 3850 72 3198 244 91 137 143 154 1278 90 151 134 104
317 88 47 132 1308 97 53 56 4854 5768 107 98 304 1257 44 1662 4969 5449 5472 1539 95 1893 59 62 4095 6010 5829 133 2728 136 90 268 2469 2121 67 4328 127 2308 48 5263 4997 2049 123 82 4764 3478 42 2195 100 5334 58 39 138 96 4469 51 5360 76 131 99 92 210 139 5911 5661 55 137 1171 120 3794 111
857 3986 3715 5238 100 298 149 163 4276 136 154 559 130 116 164 157 155 107 171 187 173 869 4428 5796 1322 148 4949 127 105 1078 5461 122 4697 2002 4907 2542 158 4412 146 3276 5332 138 88 4907 4384 120 2864 3031 2430 2082 4198 3328 151 4181 104 123 3856 90 2557 169 140 131 1248 4970 97 2712 126 170 129 2061 174
355 144 4886 74 123 137 1299 370 670 1035 121 5805 5007 84 156 60 1668 3842 151 3445 4810 2397 133 2928 4929 784 4901 118 136 134 3876 5492 2910 78 2597 110 90 1251 147 3582 1991 82 3538 111 148 2053 4200 66 80 73 96 4320 3321 72 4937 95 69 117 1486 131 5289 5349 92 3902 65 58 729 146 127 5500 149
2715 99 154 119 145 163 5159 2178 5989 136 62 166 152 3635 150 5033 159 117 4923 70 432 94 137 2204 133 1472 967 83 5330 4548 4992 146 157 149 1829 123 4602 3009 5477 3012 2235 530 1950 73 92 2860 169 63 5244 828 5244 4294 156 148 168 135 131 143 175 86 1701 118 1985 139 3329 4319 5825 5416 5740 2925 3791
295 76 81 97 151 99 2180 138 2666 155 6029 5274 111 4333 83 53 64 3917 130 2811 133 5910 139 137 96 82 102 161 521 149 131 62 58 4469 129 1764 3493 74 5439 2065 100 4127 4261 56 55 5219 150 120 4587 5789 5444 94 157 6038 2843 4775 147 142 797 2019 3381 123 2580 1011 127 3094 360 110 471 98 69
1239 4588 1766 553 1452 73 2471 84 4055 1988 179 92 123 101 131 125 4693 3338 3533 298 122 148 149 163 170 174 2886 173 129 117 130 1004 169 1550 1626 127 147 4504 318 2046 190 151 181 1760 1214 177 2044 2247 118 2375 195 2852 1520 2646 157 165 192 93 3083 3769 186 5965 102 5850 968 3240 5297 5966 87 166 3130
0 1626 3489 785 5040 136 2505 571 152 4494 3152 131 2532 75 3432 123 2285 117 121 150 134 1644 151 3918 119 1718 313 146 415 132 2655 5912 114 1430 60 149 96 142 4555 156 4920 5494 76 98 5736 78 99 65 80 112 148 5300 852 5806 92 1028 109 5471 68 4431 5804 1170 73 90 118 2237 2961 56 22 147 139
1213 149 151 4122 4230 136 192 177 5509 195 170 163 174 3363 161 101 1500 5183 3186 2720 894 166 105 2971 127 120 2000 123 199 183 186 129 157 165 121 4971 1558 1370 5845 3237 198 2433 169 3795 175 1 139 3319 173 4062 1526 5401 5117 2681 3738 117 2687 755 6017 131 2530 93 3977 1480 97 2485 1811 190 2325 130 146
2915 148 4229 162 166 4145 157 2192 1673 5685 5198 3188 121 5199 101 53 170 125 62 3437 2220 878 143 103 174 4805 52 3047 1170 111 1352 151 173 3449 3351 93 2195 90 137 123 3628 169 127 3628 959 4331 130 129 58 3015 95 3264 2177 118 5896 5542 139 1539 4894 1870 82 73 163 117 4678 1275 149 2646 1565 822 134
456 137 3633 1859 2841 3903 82 162 149 413 56 2291 5089 5138 2408 133 125 2339 95 134 2978 2093 4295 705 2503 600 118 84 1931 4782 148 163 3687 157 139 2690 96 87 150 2324 99 120 105 4905 136 90 123 130 1795 117 860 1705 505 124 1138 761 62 73 58 122 147 983 2785 3335 896 3653 11 800 127 103 93
3577 1453 117 1835 110 76 122 61 5679 85 87 5990 66 5461 3042 1511 179 83 90 446 118 99 68 73 70 3645 103 113 2034 753 5349 63 102 947 4870 116 77 3924 126 2989 4718 96 84 4102 3050 1446 3773 120 108 1728 3117 98 2322 82 3979 115 57 2822 58 105 4654 807 92 4223 3961 64 5828 55 4577 5072 125
1199 1954 2341 5740 5138 179 161 1838 3854 173 2259 3599 192 101 169 3137 5910 4361 196 127 5851 148 5548 208 105 5656 165 157 204 139 131 129 4037 202 146 4547 170 551 206 5945 2776 123 5020 149 4534 181 934 3741 436 2812 1743 1351 212 122 100 1241 117 186 667 4773 199 198 4949 195 151 118 5998 130 3356 110 166
540 208 1220 4688 1471 151 240 181 169 139 5868 179 3952 3569 241 4991 5417 170 148 190 157 4580 177 5417 173 171 149 2856 4628 146 231 175 3236 1401 410 3580 3922 5492 214 3644 2298 2626 242 1408 4103 4385 235 222 2846 3295 165 225 161 826 199 3064 183 5274 236 2535 136 3036 220 376 121 129 195 230 2616 216 3076
2986 4182 177 1123 137 227 163 169 176 1335 14 3913 162 159 1038 129 83 178 157 4493 181 148 172 93 146 3757 5462 858 634 116 117 5370 5844 118 92 2118 186 2233 488 5351 976 5980 175 119 139 123 3812 3645 4254 847 2713 150 226 2827 166 136 104 1190 5302 38 102 5606 173 183 131 135 112 1623 3473 832 4497
1258 4396 129 136 5272 99 4755 3651 2036 5644 4842 131 5200 123 4195 161 1956 4086 1823 148 199 1795 175 218 5043 4898 2825 4500 96 139 180 3335 3726 5910 152 5094 2954 151 4504 1725 3772 118 146 169 5967 181 437 150 5345 2720 117 197 204 166 179 157 149 82 195 132 66 88 3404 404 6012 5719 59 198 173 190 205
49 65 110 142 1144 745 183 4086 2808 184 1310 82 173 2599 1115 2034 131 1394 5805 74 2588 2692 166 2019 193 127 123 186 182 2 354 133 111 685 120 493 4091 3198 3500 1534 146 1947 99 76 181 90 129 97 2140 187 4020 2121 3297 3943 3241 138 192 2702 3345 1627 3014 151 169 3242 3246 148 137 165 149 163 2441
33 2253 864 114 1154 204 1293 4714 117 833 90 195 92 1667 1513 3740 3448 150 149 3440 124 5087 4125 2826 182 1898 3499 73 166 58 146 78 3120 148 161 3617 5891 157 137 184 4535 5606 132 119 169 180 1332 151 139 175 5979 185 4694 5607 194 193 65 4257 773 74 4602 187 75 3998 99 2076 152 55 5075 5646 192
2790 92 645 3731 135 4296 4295 2135 2367 89 2364 2483 4880 4604 2990 91 4795 154 683 169 82 160 123 157 108 4776 4400 125 130 165 115 1293 5535 585 136 3155 5055 166 146 1062 117 675 141 1324 109 148 5632 999 1874 4039 73 71 1858 134 147 120 4987 156 150 152 4264 5659 98 128 3596 118 4926 1251 5907 103 90
779 146 148 65 166 118 1944 947 437 5944 92 100 137 169 94 1553 3604 127 5201 3645 2250 185 1691 170 173 5629 2058 82 93 4361 465 162 109 113 5695 1833 163 301 4418 5271 149 117 1460 3300 147 139 3598 62 1309 103 144 134 2963 101 75 90 2614 3862 4296 1868 3364 2680 151 73 3898 2850 2525 4642 157 131 183
3174 102 2722 150 65 163 4617 355 72 6007 157 5709 3776 5689 148 121 151 70 149 104 1531 5606 95 5929 220 1066 1158 2405 894 119 132 118 134 4249 83 73 841 123 4382 2384 2902 86 3721 672 3545 139 155 3020 127 117 135 4826 177 137 4792 26 4026 78 90 109 169 154 92 1497 2685 4572 156 3729 3334 75 1876
1192 2096 169 1144 5045 102 722 80 81 192 107 1379 3868 3806 146 136 2002 603 2429 96 254 120 5106 89 3676 155 166 3266 206 1666 104 109 720 3289 131 2422 603 4833 1504 4109 5223 4501 59 62 175 123 150 99 5255 180 3975 4250 1323 95 88 202 190 1608 139 195 178 4836 4041 208 151 191 5720 78 642 196 2812
918 96 5477 99 5282 1961 192 4365 2586 5803 175 202 184 97 131 4004 109 4394 186 114 4459 2949 4109 139 193 3139 204 4914 198 149 1718 2775 4431 3782 5422 4100 4612 166 195 1352 123 205 173 2656 75 151 169 78 107 5778 117 136 1880 178 1436 59 3944 142 676 285 170 2886 4613 630 2117 5564 92 1768 5564 100 146
923 117 1353 157 72 139 1121 3720 235 2573 199 116 2325 149 105 205 3659 151 123 3793 1552 127 1099 3897 173 144 195 3960 224 5694 121 175 3287 204 356 216 150 166 3064 5440 206 165 192 2747 324 4584 131 3492 193 155 2754 161 3737 5503 1835 183 222 5544 208 2940 1786 136 2925 4349 177 3993 309 5674 1166 198 169
1126 3262 169 105 181 195 5027 5140 3054 92 2972 157 2609 2966 178 5391 5156 123 102 748 4805 3870 4469 4950 3080 193 117 93 204 5637 162 166 5234 186 163 898 149 192 177 125 749 179 5314 4460 1833 129 4527 1471 118 2320 4172 4117 121 875 199 5428 2013 200 135 145 4981 1703 1056 2035 205 174 148 151 942 137 154
2354 80 163 3136 5034 4550 139 60 53 95 3782 113 1033 1833 4707 969 755 688 3763 70 5939 150 169 104 92 76 160 119 56 2194 75 112 68 1197 48 229 1578 78 3402 73 159 136 83 154 3336 102 160 2742 4275 331 3642 93 109 137 147 121 4230 6019 3739 1363 2879 5421 5974 3222 4575 261 123 135 114 148 49
1386 165 105 130 1710 2282 192 2291 1232 5792 2291 254 375 166 4541 163 2358 995 5010 4573 4158 170 186 237 208 3441 1544 4202 169 161 117 150 953 2677 3467 2668 5625 175 122 2673 1437 4912 1796 123 127 2297 139 870 3269 3287 125 1127 245 100 148 216 499 236 202 5006 310 97 231 198 149 5483 1614 230 225 160 129
1220 617 170 3399 100 138 121 4730 120 151 140 991 195 2680 1354 1415 205 168 3820 184 4441 1359 1056 2499 3799 1086 2120 3708 204 105 196 123 163 225 122 3682 1221 4476 1302 2719 146 1409 1292 668 728 210 1561 181 126 4561 2888 5821 148 169 149 4168 255 4989 198 1648 157 2343 136 4428 129 180 190 173 130 127 155
911 103 157 3257 692 146 2186 170 715 151 4475 2785 161 140 190 236 224 107 1025 5758 1169 2521 5676 102 3127 194 75 235 178 1389 131 123 2580 158 3759 2169 5832 88 169 3284 1490 4002 438 1640 673 195 5879 216 156 193 3116 2103 91 173 3495 196 4380 109 2044 63 225 214 2615 3001 199 260 208 5459 97 81 66
1035 5804 133 117 4307 225 4426 170 162 1838 1863 4526 149 195 120 118 1755 2493 2550 5619 220 198 1962 4917 123 5186 147 208 2661 192 1862 173 614 169 4549 5018 212 6003 150 129 2912 3544 2987 1926 4526 88 204 139 4892 148 125 2956 205 190 216 126 595 226 560 1660 2558 6038 181 202 722 2622 166 174 163 1831 130
1212 182 565 157 1259 3429 5158 827 4597 166 2565 4201 5558 161 2839 120 196 181 110 81 3368 597 173 225 149 1614 138 99 169 107 123 508 2229 129 2497 100 212 95 1096 337 4628 1372 41 151 3338 37 5311 2296 5071 224 163 4112 187 96 203 202 1066 3010 3465 76 5742 195 137 3060 193 5529 124 3629 199 228 198
1609 185 117 182 1468 169 190 1631 131 4895 1276 723 147 3034 93 4966 2080 205 96 5016 199 87 382 123 95 1829 151 125 471 157 909 2630 181 4790 133 4566 4039 5794 4190 210 204 2659 2877 187 4920 2619 173 1823 174 103 139 82 622 137 130 1963 143 149 198 3783 202 320 148 743 672 192 5388 2139 2085 5644 2766
376 95 151 762 2538 3135 4541 4190 250 5141 147 1478 101 73 5176 137 4461 3190 148 90 58 65 2610 5663 5446 157 5945 166 3210 149 117 1706 862 82 130 169 4262 437 3487 1011 111 2673 123 4172 4558 1729 93 134 2412 1085 5913 59 3356 106 634 156 102 53 162 122 4165 2528 3652 92 118 143 62 163 87 127 1477
1290 413 1648 166 125 842 105 130 2149 3495 290 92 157 2693 2494 151 893 73 5702 117 181 169 1145 64 109 69 3858 1608 122 5918 5376 177 1721 118 717 4828 147 871 175 139 163 3822 84 100 5232 3234 93 62 823 5225 5270 174 5368 5465 570 131 148 1375 123 192 127 65 2776 4163 5891 3621 2433 150 87 136 2612
1999 1071 150 5744 2332 122 2715 130 1858 162 2669 138 5598 3560 157 192 139 4332 125 4598 169 4861 163 175 151 5444 117 236 3923 4081 195 1432 149 3868 176 2890 198 5002 4913 1583 4886 216 5252 118 231 1037 1477 3795 2856 4655 202 199 204 174 132 129 2658 5280 123 5673 190 212 246 238 133 181 148 182 2423 5136 1821
1135 173 2177 2393 4926 2164 157 309 2315 231 818 161 2416 120 1412 152 230 5327 212 148 204 4938 123 1674 2429 149 132 151 1286 2635 170 195 208 116 139 216 5591 4944 205 188 4067 136 3585 192 2694 470 563 166 165 190 182 193 5145 2315 131 5511 224 181 186 3852 146 202 3960 4266 4302 5893 169 3581 2723 3424 198
3113 143 4307 157 152 6028 65 70 117 75 83 163 4200 169 4090 3010 698 5079 78 161 56 1788 134 58 151 118 1775 4308 5538 173 119 148 1807 176 80 99 5407 63 1047 2234 92 135 375 1520 5507 4147 2869 3864 3669 181 147 159 139 4824 175 112 2525 4257 3452 156 581 1205 96 5936 1711 90 3664 1304 162 2053 1138
1306 3236 149 3901 161 3803 150 2713 4787 126 181 1483 5067 202 156 686 4806 139 599 147 151 4777 106 118 136 183 1401 3235 91 5123 5370 175 68 131 192 3868 109 199 5396 146 178 92 212 148 1236 2201 82 5789 88 4820 2331 204 1226 2326 5748 205 5215 169 5242 157 176 4059 1562 1309 1931 2158 123 216 2333 3450 5017
1703 3319 181 5423 89 169 123 1158 157 4501 408 1948 4736 2482 1494 231 76 1750 193 5860 131 574 510 202 117 3752 4284 4561 3049 4717 464 3225 4520 163 82 195 620 88 167 69 192 67 161 777 148 4619 5685 1480 92 201 147 189 137 1558 175 198 72 5552 4684 4408 182 155 3686 1975 2580 187 107 151 149 1446 90
1720 320 152 4620 5501 3275 187 1435 149 2733 181 4530 1322 107 163 166 946 175 5425 3834 4179 4850 2983 177 190 118 5772 2318 4214 146 157 143 2536 3749 5066 167 4262 65 86 4816 90 80 141 69 192 129 1175 169 5496 131 156 963 148 122 1970 82 1459 5217 74 732 1627 162 133 151 112 2052 2671 182 92 123 2853
1967 137 145 4309 186 202 173 139 4925 132 201 216 212 166 192 345 88 2508 123 4692 3035 140 128 204 146 198 131 1806 1043 4496 4855 3545 1566 719 4795 761 190 4449 1743 252 92 1637 86 151 2006 4095 790 133 176 5656 433 181 152 99 3999 4018 175 1324 165 118 974 3235 117 440 224 3304 2199 1852 2011 106 82
647 5413 65 73 4346 129 57 282 118 2264 4151 523 85 3318 1931 126 100 899 950 60 1423 1110 5866 838 123 93 5469 48 127 2535 829 1417 44 95 1971 86 125 103 53 82 995 130 5716 529 110 171 113 101 79 2227 3858 90 115 2230 5315 117 98 92 71 4544 49 108 4980 1237 3799 1932 1153 580 4441 52 50
2598 444 1101 161 200 149 152 175 5253 145 186 4123 192 202 670 3341 4392 187 3282 129 209 321 99 123 168 133 1911 4765 4862 150 193 2660 3632 5691 132 4511 421 5986 180 92 5238 102 1248 131 163 188 194 166 349 159 5215 5879 4297 182 3115 190 5693 1747 3101 4384 2568 1785 118 156 151 5819 5652 626 2204 143 154
31 1897 1996 133 3865 1608 2686 131 230 195 1386 181 169 3061 1763 208 203 175 134 216 3763 379 2676 235 670 926 113 3480 92 534 148 3404 222 4776 136 137 4198 192 1832 1196 204 1455 149 99 111 2512 4851 170 147 1864 664 151 5785 5007 228 225 117 5311 4357 179 127 90 161 1394 199 202 948 4195 1715 5714 2425
3792 1052 5702 5499 146 138 4177 82 3956 5028 1825 105 1810 57 113 821 85 92 117 899 53 116 70 1578 2653 76 3 2429 3394 127 3221 4426 64 5618 5186 63 2018 4243 148 2963 93 238 118 115 79 135 99 1142 102 61 140 956 2290 1557 101 5583 134 2833 87 130 47 73 4317 110 142 5380 3206 4886 147 119 3060
2173 150 4842 198 195 3620 223 594 4746 2566 91 944 1169 166 139 222 118 4872 147 4108 1297 5006 92 173 192 1773 2299 2512 5681 151 345 178 4753 116 190 146 232 202 225 208 169 3187 93 407 961 4575 136 224 204 2051 729 148 2803 945 2213 236 212 216 1455 5372 117 181 5052 83 5561 220 123 177 486 5152 874
2796 222 146 5188 195 212 150 3433 231 136 703 1488 169 3867 181 1907 3337 924 1487 132 175 3046 131 2410 249 151 99 4419 147 178 1765 176 118 5744 995 216 3328 4676 161 235 289 2059 1847 2830 453 1538 202 2466 204 244 149 1076 192 2237 3062 198 535 3790 123 148 1581 223 758 3537 3959 2112 191 4296 245 117 166
2290 4050 264 163 846 223 5265 309 4307 202 2044 4192 4773 195 301 216 2100 1712 1097 156 204 5789 806 3991 314 1 2795 3497 155 230 68 199 277 271 307 3754 266 194 151 308 799 4485 332 5313 326 225 2696 238 1704 2178 3043 1216 245 4542 166 3739 319 4940 303 2630 5190 175 4000 329 187 281 3182 5425 302 3812 169
2917 5139 3554 384 4095 3100 190 5083 225 224 3514 4772 1213 1053 1707 245 161 149 202 741 198 5870 906 131 216 92 574 5815 5429 1414 192 753 3730 3585 4214 1045 1540 585 217 123 118 169 4040 2236 223 135 136 166 2815 5901 147 106 139 181 175 194 4850 176 2261 243 212 5934 133 231 151 157 5950 146 165 201 5083
589 129 127 588 771 123 208 202 120 4672 157 3126 4389 175 3728 3097 312 3270 148 137 195 1346 2642 5688 73 111 187 960 2128 147 2999 222 3550 1766 82 656 3459 979 216 1254 1396 150 192 237 2515 203 204 136 3767 1590 4355 118 177 3851 4841 223 404 225 231 80 2985 5033 233 169 2883 1846 795 181 173 96 230
2958 2174 5483 4064 157 1930 4019 162 334 913 188 102 149 203 163 138 92 3989 137 3403 3968 83 224 169 90 187 2923 135 3602 2547 202 1691 181 1759 139 150 166 2894 104 192 175 5532 4125 225 145 218 227 5215 4233 4933 1797 189 4915 3250 143 153 154 147 1359 3508 5405 199 213 4235 4220 880 133 5018 195 2715 3903
3470 150 245 238 202 166 208 220 224 4090 117 216 127 230 280 157 177 151 195 1468 139 4407 1714 3078 192 198 3379 235 3166 5432 261 3119 3846 4746 3655 5206 170 2701 123 241 947 161 204 1772 815 2965 2479 199 4493 149 2258 242 155 367 113 5511 206 3162 255 5926 121 1566 2445 353 169 4038 6029 136 2953 3088 146
1373 4226 127 3312 709 9 174 129 2019 3596 5120 117 198 216 139 148 520 146 1056 2357 118 178 4090 195 337 4641 4531 242 3233 1890 105 255 240 5786 711 3146 2622 125 130 109 193 220 1323 4572 5780 2161 151 165 231 1532 241 5118 149 179 2919 177 1995 511 3080 2100 5296 222 2422 2959 245 2762 190 157 173 199 121
1393 598 231 261 1547 192 1357 2700 120 2614 169 4924 1567 220 2647 117 3987 264 168 139 2565 640 181 4073 1160 3230 143 5559 175 165 4226 1754 118 2098 3293 1103 224 807 193 161 4159 3819 123 204 205 1499 2325 5982 151 230 1895 150 176 4325 255 198 87 992 4206 1247 146 1035 208 225 216 235 149 242 173 234 4736
2682 198 687 116 102 5373 166 181 154 123 143 192 186 2312 225 4693 182 2221 300 391 1514 804 1381 835 4082 65 3576 163 4842 170 1232 3217 2985 208 219 159 2343 2556 92 4865 3211 216 5787 2635 2313 145 195 231 90 223 218 150 4907 151 119 148 1273 932 149 155 104 3931 5022 931 1413 135 2069 1549 202 200 3086
591 2407 2599 118 169 162 198 149 2037 2815 192 130 139 2308 204 903 175 3549 3465 110 173 348 572 190 122 133 3037 4839 5507 1681 181 199 73 1851 163 146 166 4273 636 6022 4655 1176 1078 93 117 174 903 92 2674 125 874 4892 3473 1954 100 148 4441 503 5204 2320 2718 397 84 147 4546 202 131 5571 123 195 179
1783 148 167 199 123 142 166 2266 143 201 2375 2363 3688 5225 1368 5462 2716 111 136 5911 195 2496 192 4609 2682 831 207 163 1331 2478 5064 4130 155 161 187 5871 3023 72 5295 182 157 4980 78 5409 198 3585 73 82 2712 2633 90 3734 169 118 993 134 131 89 5380 1404 96 298 151 193 69 5560 5549 1674 132 95 92
1572 73 103 169 146 2725 5933 5685 5005 230 4187 5737 199 118 5673 117 2379 162 54 5342 83 727 5076 2381 262 1294 223 235 149 148 93 92 82 212 1077 2685 2648 113 2947 192 204 3146 3186 1533 147 1014 174 123 137 1205 134 163 187 129 2511 1930 198 1260 4394 157 3351 2735 2160 151 2764 195 4142 202 5265 180 887
1303 125 148 4299 1562 4959 1051 3931 5477 205 2741 139 1699 256 141 161 235 2508 1328 2313 117 224 236 1829 3769 187 222 174 118 216 795 173 120 272 123 5305 178 242 5735 798 373 149 82 204 5364 150 3646 2402 245 270 2191 266 2590 5249 3077 1856 1262 26 334 169 255 887 4675 127 151 157 109 225 4452 170 202
3417 95 3830 146 187 1017 5690 5171 5004 124 198 5784 103 202 1045 4648 3935 101 364 105 87 169 137 4357 5660 789 1305 1470 174 5947 4832 133 1169 2437 127 203 204 3485 161 353 123 3098 1469 4557 208 142 147 2385 117 3670 962 90 163 1656 5437 149 92 2568 3467 129 1249 126 76 199 72 80 157 350 3008 212 151
222 1494 198 150 2692 131 136 169 104 4785 258 123 1384 3633 766 1277 6 5805 5149 2810 175 99 219 188 3161 225 3583 3737 1751 4993 173 3136 96 132 286 5945 117 218 145 5882 1970 1523 195 2375 118 134 5610 5715 135 122 4536 4150 151 2086 4109 2343 193 149 152 2274 181 142 192 3394 163 6012 182 214 690 95 242
379 192 2978 204 4052 2834 4052 5382 103 1488 156 202 223 4463 118 2014 130 3487 243 148 151 3360 33 181 4620 149 199 101 5112 195 214 2680 169 136 1970 3366 3283 93 208 5243 127 216 163 2908 3631 4356 3950 2466 1471 100 3395 4427 5603 5411 129 95 185 210 2216 4634 4255 157 134 198 143 123 792 147 212 5617 4935
2705 182 163 198 233 3679 845 32 166 2772 169 135 116 5791 2157 2496 149 192 562 200 225 2667 143 170 150 123 4402 3282 5567 1578 341 132 219 3744 4176 190 173 191 209 1967 5817 3176 218 3752 202 162 153 158 3023 2511 2970 4766 5506 216 189 3686 915 186 145 2627 159 8 4544 118 223 3102 195 151 1167 181 2245
1224 204 139 190 875 4752 131 193 5732 255 224 195 151 1013 3672 715 349 199 173 4805 5808 1996 120 226 148 3892 1065 3850 235 166 230 5804 150 5897 169 2694 3395 184 149 5438 805 4438 236 231 5334 216 1923 220 170 239 2405 117 12 1045 115 2567 4011 259 5944 146 5858 202 136 5362 5294 245 161 4790 123 2708 3343
1583 137 175 215 1597 134 5859 121 166 1252 1185 2064 910 283 351 868 3376 195 202 2775 127 182 13 173 147 117 5666 296 2113 192 151 4848 99 2260 2824 131 203 177 179 163 690 229 224 1441 538 204 2266 2547 111 136 208 815 5059 82 169 5742 146 6015 4303 148 5566 2002 199 5952 157 2794 90 1271 282 139 1465
1526 179 4688 4981 570 147 195 169 2594 117 2674 2488 244 73 4550 5588 2252 5579 3151 149 163 210 4445 148 224 134 181 90 127 199 3451 229 3415 2341 139 92 192 130 166 146 113 2482 2731 860 129 2523 103 216 3378 435 3002 4742 173 1300 5129 4034 3706 4604 230 5576 2854 461 1520 5410 137 3881 215 235 174 151 242
3480 222 205 202 149 1574 4594 2545 2111 3083 156 192 175 4762 161 4716 237 216 167 831 1357 2911 4253 180 1669 1879 3352 214 163 224 827 2119 165 207 228 2603 553 826 225 199 3929 201 150 187 2575 5013 195 4901 1823 193 235 4146 4703 5819 169 196 1891 151 232 2384 3709 3720 173 6018 4400 219 197 229 316 5992 146
1922 2044 75 78 29 3062 216 4129 133 481 2868 198 187 1520 4956 1689 88 5572 156 192 5284 181 118 1477 95 132 3798 233 432 149 169 92 123 163 204 166 214 2200 3168 220 5633 151 117 1261 5094 171 3441 73 534 150 201 2558 5275 111 4267 1863 208 99 3932 136 195 157 2107 4719 1950 552 3399 175 162 4899 190
749 161 908 180 139 3640 242 316 382 5830 1428 193 183 1691 2239 302 691 173 247 4273 204 2045 5967 1387 3419 270 241 2310 5440 235 3386 244 5243 1408 1844 1588 307 170 326 327 3188 2360 240 157 166 149 1742 1365 3485 3233 314 330 319 890 232 245 329 2892 195 4415 205 198 308 169 1612 844 151 208 2082 5135 216
2698 117 3770 5719 245 5920 200 1008 119 204 2105 3523 3536 2365 896 535 145 162 3548 5792 2137 157 179 170 1933 49 260 2386 4828 2341 255 199 202 116 181 747 2213 102 186 2828 103 3435 216 2067 4603 163 272 3003 195 166 113 123 4288 240 261 1682 2941 218 1215 1472 208 5729 262 101 188 1918 198 3151 1686 136 4812
38 5263 149 4565 151 1212 5656 4103 2876 261 1329 271 187 242 267 1136 259 216 1994 239 161 193 204 249 235 2246 5889 3084 263 464 224 1918 163 119 3599 202 286 182 2476 206 4521 5316 3265 225 162 264 3199 192 201 194 265 3037 131 2749 1238 94 2742 268 166 3796 136 169 1885 301 5231 3680 2552 5513 5455 1174 5950
20 1844 922 3429 5500 235 529 155 2950 169 111 3219 134 103 3091 4805 130 2949 5587 181 163 156 192 241 214 5725 254 5818 216 174 147 3866 149 193 4476 4456 162 6028 439 559 3398 3931 204 3744 1565 1004 132 4016 151 1194 212 245 190 230 1809 199 187 129 202 4924 2983 3066 118 2061 195 1820 157 5060 210 123 3159
1392 3984 169 3553 190 212 244 203 798 2401 183 163 187 2747 3458 239 5626 195 157 436 4525 4246 2329 156 193 1808 784 2154 147 510 133 216 4325 143 3355 2666 199 192 3873 197 146 5750 237 229 161 2299 3998 150 503 4163 4164 204 198 4969 175 202 184 3582 2951 1964 3574 151 808 3874 142 149 3270 223 519 4065 148
2803 139 295 193 284 175 4464 198 4164 299 3882 1956 236 148 4278 266 297 3096 235 1395 255 223 4873 151 3083 166 5827 2999 136 408 4403 264 5525 3739 3304 190 1726 4067 2948 216 244 5081 224 5540 1903 2870 192 147 1911 38 2180 161 179 272 461 275 449 5331 173 245 3060 3643 286 169 948 4142 152 237 4187 195 251
587 4503 117 169 93 4444 5153 4090 192 3340 147 183 382 823 3058 360 3299 194 237 4355 175 1932 5096 156 130 146 5736 436 2939 168 5284 266 1332 198 2423 5981 157 5453 119 162 1477 213 132 214 2267 3912 1533 2733 3935 144 204 112 3319 178 139 1534 134 136 193 4676 131 216 1685 195 114 184 2361 245 233 99 202
2405 2438 202 4590 345 100 256 5777 129 149 3059 175 130 176 195 833 4604 2577 4334 4944 2960 166 109 146 3297 4046 101 173 399 139 422 240 4729 123 5031 2556 181 157 4376 3527 260 249 132 117 1401 242 4924 169 148 5753 151 245 812 261 3338 223 1009 118 216 448 7 2335 204 1674 1016 199 235 4211 3688 2577 4818
1219 151 4972 148 271 295 149 2398 1330 251 231 1690 3643 272 181 704 3043 208 2653 280 5810 2668 284 204 5267 1548 174 4946 261 3093 169 4760 1114 1373 226 245 1653 146 260 132 1791 3535 265 2477 5439 202 242 4066 301 1208 5409 299 2693 198 305 714 31 4674 3864 212 168 176 2475 302 5936 130 2363 3530 2345 264 216
732 1708 89 5931 181 2949 4414 82 103 148 557 787 151 166 137 5300 4182 4557 3495 235 4960 199 173 290 169 202 1652 92 134 1119 122 147 4589 2219 2444 129 5194 2596 118 4554 5727 127 216 3761 1707 2421 87 123 192 4408 5006 195 2556 225 157 95 143 4268 1269 859 204 93 1702 4896 223 4670 163 210 149 4553 4495
1229 233 151 4836 3213 335 175 2867 225 5127 333 354 55 216 16 157 300 4986 235 1206 169 5605 4449 158 222 319 245 265 156 183 334 2147 1083 241 3059 5181 2149 230 195 1806 346 146 177 239 2643 150 426 2395 347 332 5226 5725 5909 3875 5192 2449 280 5484 171 149 326 4936 5013 308 5361 3897 1673 205 173 3702 956
3175 303 269 433 230 187 268 4576 166 5827 302 149 225 1404 4882 220 133 299 1615 259 4618 5736 4014 2903 137 1039 2668 1731 272 4292 6022 192 4441 208 599 284 221 3604 242 5513 4536 1009 3108 2374 163 2511 95 4705 148 5362 1469 1421 972 216 281 1773 159 175 229 4053 186 6026 4826 135 301 119 295 202 257 150 156
1960 123 2182 507 169 5217 237 4470 5792 149 229 144 5451 2965 131 1818 172 166 2871 195 167 255 261 432 198 3458 4696 917 208 136 236 146 1147 249 4875 2717 4349 204 242 223 849 3366 148 184 1403 4083 215 621 3434 4023 3846 181 220 401 4475 230 2610 5059 5459 150 140 216 145 245 1362 225 2859 175 5216 3938 1669
3750 131 93 5499 5336 149 1342 2797 121 4781 1519 119 135 164 190 2953 158 117 157 1542 181 4058 5317 4168 148 5516 118 6005 122 1550 5728 167 132 1473 96 109 146 75 128 115 3343 5595 2556 114 5301 581 5981 140 2248 2458 90 138 154 3117 159 2752 5104 103 127 77 2869 134 2523 169 102 92 150 141 111 1405 123
1078 2956 838 319 4587 5431 230 169 2051 220 819 300 3418 212 2095 4973 193 227 157 5079 5275 5266 5018 5674 216 3432 175 5864 242 5207 1126 272 204 243 3455 176 3825 173 4639 225 150 3429 202 245 1946 821 264 261 5014 226 3632 4152 151 235 4931 314 2732 198 275 308 302 251 149 2046 224 1517 2758 3477 5797 289 181
907 261 3454 301 2832 1041 1927 1197 4117 161 148 4321 3709 5350 212 123 2004 534 208 196 2123 297 170 1949 300 3778 5075 195 245 224 5299 216 5782 293 2427 235 265 307 302 183 5251 4771 2898 244 3132 146 6009 2809 5154 5793 314 289 266 2178 1614 166 173 286 193 1548 5739 319 3504 649 169 3218 295 5421 4562 237 308
3407 5543 3746 146 809 192 2638 144 2914 89 180 1325 199 90 5291 156 148 147 195 160 151 3657 3884 202 5062 200 5417 164 3734 4436 145 4177 5526 92 149 2361 5605 1233 3939 166 85 159 5166 2414 4574 204 201 2262 1262 3853 4642 163 96 167 150 102 4358 117 974 670 3355 99 113 3567 187 173 3157 133 143 1076 488
1072 4515 4924 116 4158 146 1707 3708 1759 169 175 151 3256 157 139 129 133 198 93 1008 161 4945 193 204 2433 5799 1519 3237 1576 4367 83 184 109 173 3275 202 165 166 259 171 5724 1975 4151 114 663 125 3264 92 190 96 99 4654 790 117 5729 136 400 119 132 1643 5545 334 4374 147 4493 4984 212 192 1828 149 2315
3622 4053 99 195 117 245 3986 220 1893 169 2811 144 110 135 130 260 162 93 3658 5232 4584 1331 166 4146 244 4921 198 3006 5905 2829 4396 188 88 1998 3754 147 97 2424 3480 143 225 4003 167 237 231 149 325 235 3325 113 4393 127 230 764 3356 134 2680 148 92 96 163 5020 2827 1357 204 3478 4355 652 5786 4027 202
1355 192 2459 258 1823 330 139 95 216 130 3706 3181 80 4131 4771 195 181 1143 5100 4372 51 868 2418 137 179 3740 5243 224 229 4651 148 5164 174 2169 100 198 240 919 103 101 704 1549 2047 261 134 1432 5213 245 223 242 5912 5626 185 93 65 127 683 2283 118 4197 156 199 169 157 162 3109 5989 1067 121 4628 117
3526 1276 166 116 4336 3945 45 2914 151 183 122 2207 4871 976 174 5080 4281 125 2877 198 192 2724 173 121 5609 3259 179 2416 157 2662 169 2606 5428 2788 204 1093 139 195 3677 188 906 3760 236 724 181 205 123 118 5159 130 117 184 199 369 163 64 1279 5118 208 11 4105 3382 165 269 149 231 2991 1436 148 202 216
2699 169 145 1292 139 135 186 245 259 3572 1393 2732 1330 5808 1313 112 10 93 6033 235 1076 166 242 150 129 2919 225 102 1445 3398 163 1473 132 1711 202 190 956 153 2704 182 223 2940 5651 165 263 3635 4511 198 108 122 117 161 4351 3947 143 232 1083 3286 255 2069 181 521 5173 149 393 5328 1018 1333 5088 4403 216
1218 216 2013 2404 169 1203 3308 327 3201 2798 3165 285 4424 387 284 302 920 326 5714 569 3877 261 150 4549 3041 166 3526 289 193 3307 4691 296 208 1815 305 202 5049 340 307 377 390 3405 254 4611 4360 5529 355 173 1984 165 308 314 264 295 4683 225 3860 430 190 282 4071 245 698 3327 4229 935 161 278 4900 6033 684
1246 169 261 502 3646 204 131 245 149 109 2734 235 876 1979 271 2888 157 2644 5951 6026 2508 120 1855 238 297 2412 155 299 2686 195 3258 247 929 3917 2985 293 285 5500 148 3422 265 4648 225 186 173 3382 4391 4023 274 40 344 560 4816 146 137 1427 4039 166 107 2848 156 1769 1456 5104 216 81 3902 161 123 239 291
1088 169 175 272 300 173 4254 3421 224 295 186 205 181 4113 2193 4256 5589 149 2894 142 423 4707 165 5578 4250 182 208 289 126 190 5140 259 258 151 2319 5989 2902 5401 204 4817 235 2698 198 4000 3665 192 3986 166 3956 713 225 195 284 163 4205 301 1671 4324 4044 253 138 3109 4943 137 196 264 619 231 964 5743 2654
1543 113 166 127 170 4094 5194 192 146 5180 4961 6009 147 684 202 117 137 115 134 196 2056 1999 3148 195 103 160 3363 1557 185 4908 5174 3285 110 5860 3437 199 167 4147 93 100 124 2174 204 198 1765 4787 5416 148 1601 3625 3899 5215 190 909 346 5095 171 3864 149 101 176 836 133 118 122 4019 2811 108 169 3851 3667
1221 6035 179 1272 275 3704 208 197 5397 1035 2685 4280 270 202 4751 1946 204 223 264 198 648 173 2041 165 4933 5707 195 148 157 4474 5704 4084 5813 174 150 2475 4809 149 181 3252 279 163 139 1957 247 2525 862 5871 192 255 130 367 2642 1672 245 248 2201 2360 216 5578 1636 3296 170 3606 5087 272 4245 147 225 238 199
149 3710 269 3451 148 4723 163 2477 202 261 183 3673 4721 2893 287 2134 192 5353 271 3342 45 198 3081 4129 4107 181 133 233 157 169 4770 223 237 166 224 204 123 672 5288 2216 147 5061 274 249 3951 1792 2169 216 245 195 5461 4978 187 4282 3456 5013 238 240 1896 1242 4613 4048 339 149 137 1471 213 150 1986 199 229
110 285 4700 1697 307 491 286 4868 3836 142 2036 3358 1557 146 5255 812 3219 161 158 301 3395 150 173 295 225 3313 1804 323 261 259 175 149 205 2187 3867 208 319 336 195 202 3358 2328 245 1003 272 3348 1014 212 5288 1540 3929 401 436 199 308 271 2046 297 2696 289 5335 1014 3117 221 196 169 276 166 131 4178 226
3752 149 382 5894 3186 130 4313 175 156 2101 878 162 5624 151 148 2468 127 147 77 134 103 2872 1493 184 4745 96 157 117 1751 144 82 2929 171 74 797 5581 1575 2227 92 5470 125 138 173 5718 2735 93 182 159 76 1580 99 5675 4535 143 3799 2127 5897 167 3567 4495 180 4209 120 5946 113 174 4832 2355 3715 3499 3180
2709 154 3459 4673 4205 249 114 4776 135 836 228 2703 3161 166 3674 186 3086 273 162 5250 419 303 284 133 159 1999 434 278 3317 151 1859 2221 187 2394 170 149 4389 163 3529 139 202 73 150 145 1045 296 2788 3815 227 208 218 5805 274 137 175 394 272 188 5634 4220 2964 3042 136 118 295 5873 5375 301 302 5777 2380
356 5727 239 1500 5903 5295 2761 196 5229 163 161 267 1633 244 132 3153 199 151 146 3077 3694 4524 268 3484 299 259 264 2458 137 4455 4772 4941 4326 1538 156 149 5942 4073 1399 129 5940 187 2524 258 2234 204 195 4669 489 192 111 224 193 136 155 3677 150 118 2500 909 76 216 5261 166 2949 237 571 3488 249 225 133
2656 245 219 3144 539 192 1964 2429 230 199 5195 168 2551 848 206 937 235 151 115 2040 3489 6016 1491 170 3478 225 80 113 270 1134 4197 121 4057 2373 108 2158 190 265 605 409 263 5171 256 794 2781 227 147 117 4739 181 242 3908 216 1191 198 175 128 478 4201 146 136 229 195 4523 150 3149 1877 202 960 157 139
1093 255 180 239 5609 5692 203 193 133 265 137 851 1517 281 39 5713 4239 279 169 150 287 4254 292 166 1482 3966 253 5528 161 261 151 187 237 230 136 225 215 2958 285 4610 235 4138 1224 4770 321 4515 806 175 1467 1621 3252 245 270 208 5528 4068 3249 2981 97 1904 2861 238 5844 149 618 157 139 4296 2522 4579 204
1205 2378 357 4233 1042 321 2637 1559 1908 352 244 225 193 271 216 3717 173 690 300 338 199 314 241 2685 3616 175 169 5619 3120 172 192 181 204 1197 4382 319 2882 366 359 276 1546 622 170 4832 242 2086 2132 4194 1216 1457 329 245 1784 2876 208 195 5291 183 2612 2079 307 3146 230 326 5672 119 852 272 186 3758 2738
2984 1228 435 181 245 169 256 3584 5285 4652 236 1740 151 4111 2362 157 262 316 3822 174 4620 198 6003 308 4600 4004 5119 2586 2527 4452 871 283 284 149 4320 202 2420 894 297 5647 255 148 273 2229 208 1671 179 178 199 3435 195 1067 309 216 300 3844 204 5731 302 272 2278 166 4264 5032 231 264 758 168 582 5174 3348
2639 109 202 157 235 5506 2157 136 146 2313 166 3560 3609 256 2466 129 4641 2618 5356 3248 117 216 139 2140 231 4525 965 123 195 2509 5140 274 2212 1169 204 3983 149 4037 173 161 2433 198 101 118 169 2145 192 4934 1932 767 640 264 130 249 121 260 3604 288 4755 271 263 3880 199 2546 4273 148 580 674 458 3295 245
3146 169 2788 5176 216 187 249 4894 4410 967 295 148 204 3354 3895 257 5368 258 281 313 229 591 290 238 208 890 287 5326 273 2447 237 271 198 1437 3964 3021 4302 255 4486 5331 201 2214 5988 195 245 127 3535 4106 259 261 224 2093 5436 139 274 3242 5658 2623 197 175 272 2007 2878 285 149 2006 4447 1324 163 192 5593
2394 214 190 284 908 3516 4564 242 892 187 610 1965 1134 541 3485 201 3959 151 202 149 1582 161 5641 2555 192 135 3583 999 1352 169 235 132 3483 4265 216 232 685 5289 136 2312 186 563 3154 274 4429 2552 188 150 1156 258 163 4268 897 272 181 5489 157 5984 281 4203 168 2416 175 1323 193 3870 166 225 287 145 3339
3420 225 143 5694 2584 208 284 3443 5774 3711 4892 157 5027 249 3250 286 5624 272 1367 5597 2079 302 2112 264 301 1137 4761 3288 2767 2972 309 5033 183 5283 3061 647 149 300 5655 2651 245 202 216 3333 2575 4413 181 280 271 2709 3251 4880 329 343 4439 2202 235 319 191 215 151 2371 346 161 326 285 308 204 224 193 317
1516 198 1014 243 5942 293 5240 195 5228 5637 148 237 166 1684 232 1400 169 175 19 950 242 2044 224 2871 225 271 192 163 223 2423 4548 5024 316 1586 258 191 5875 2791 756 182 181 1118 1376 272 194 4648 202 6009 2692 149 143 2276 5786 810 3951 1991 2831 257 136 268 245 273 249 1848 2140 917 3466 267 187 151 216
1640 326 4230 243 242 329 223 1198 297 263 156 303 237 259 3581 5728 302 5265 202 4078 293 982 4642 72 3765 240 224 187 1541 4850 3521 5740 2340 212 319 4075 3085 2187 255 235 150 257 2290 1185 265 190 3922 195 238 3271 3796 5227 214 2497 2160 192 122 5929 1005 232 175 93 1651 230 1119 1947 201 216 151 169 1580
1277 6013 198 931 3965 1086 2531 157 4379 261 4990 3510 254 5191 146 3035 5212 302 139 3165 132 1247 308 235 278 1633 2234 245 4648 264 1212 285 193 192 305 3324 161 5872 205 4116 1850 4857 202 307 271 208 1725 296 272 810 195 3188 204 942 152 216 240 743 3962 2721 5341 284 149 175 1407 4898 5417 224 2850 1429 123
1251 366 3199 943 1978 4235 2813 158 2666 205 4557 161 146 1414 289 2630 241 1326 195 3659 235 329 259 4477 216 1198 308 190 274 3204 1530 304 4025 5933 173 149 4668 157 5166 319 256 327 3905 307 245 1727 317 2961 183 5897 559 4864 4464 5314 3279 4475 2382 297 2134 323 166 234 270 1378 196 150 3290 261 169 4122 2616
366 146 155 194 4885 262 3004 3969 3340 225 222 195 2754 229 1747 150 5364 4639 3680 175 267 223 4275 149 235 181 5940 5041 237 4982 3639 1701 3837 245 17 5162 66 2498 272 264 2280 216 1749 1994 1312 214 888 212 182 192 5527 1682 258 271 187 147 136 204 4717 268 4654 459 202 163 2532 4559 4787 137 4655 151 166
1357 151 3863 216 5743 289 235 124 974 201 147 150 2129 914 195 4955 3113 1328 5261 208 133 202 3202 131 3228 293 177 1328 225 4413 169 5352 2045 88 418 4549 192 5143 212 261 1226 2707 127 229 193 258 272 199 4511 8 173 180 1808 287 3366 4991 1529 5245 4358 175 1377 238 187 255 619 1308 4890 328 257 149 2435
1207 264 1336 1041 98 173 2515 285 1142 3202 3433 238 2646 2347 5753 5850 3187 5490 208 192 1932 5179 279 297 2021 804 568 4067 3911 284 169 1566 1398 183 166 157 2451 272 1174 236 189 216 4492 4237 245 224 232 155 1003 181 5438 199 202 536 2700 5884 230 293 265 4214 307 161 261 198 5923 1757 150 3011 165 225 274
1675 3781 215 5690 3363 5127 271 260 229 3347 732 174 928 5856 263 5820 131 134 334 137 5734 3810 252 148 1953 3073 4451 1692 3033 122 3188 1293 4690 5782 272 264 3124 121 242 147 1462 245 255 4701 113 169 262 4422 5143 785 273 1997 157 118 2161 202 222 192 2557 1971 199 818 4184 149 2983 5564 185 117 195 151 139
2099 271 2122 2301 1653 2280 245 348 268 136 204 164 5496 117 1594 175 4263 1300 150 1240 2477 272 149 178 2119 497 222 4348 262 3846 5555 142 3179 133 151 176 3217 181 1169 157 244 235 106 1152 3091 3635 116 264 1112 3907 1418 913 5173 148 3568 4056 208 132 2851 223 216 202 166 2171 507 146 297 169 240 5871 4043
2528 3341 5724 157 3536 4329 5545 166 2582 4562 123 6015 3520 169 177 262 1240 5938 295 235 237 1977 94 208 198 4589 151 127 150 245 130 1952 274 148 2169 271 336 302 301 3774 2530 3642 343 4651 2326 173 2167 149 4685 321 199 256 5638 241 165 296 366 990 355 326 242 3723 284 216 3784 1071 264 5413 4626 3403 3871
2010 2291 198 4004 255 271 2872 136 199 284 216 3787 300 195 131 1576 2698 672 1844 1690 939 2493 179 5833 5342 2331 2138 237 4357 242 319 3782 273 262 181 169 733 176 1454 268 2559 264 2356 326 820 157 151 123 202 400 5616 1268 3722 178 1055 4435 2598 2171 302 306 946 310 248 166 308 5158 5782 261 192 5029 4771
2320 3459 2295 4485 4486 90 151 204 198 118 4752 1852 136 216 4471 88 2441 194 73 1234 163 6007 2809 190 223 235 1169 250 220 3339 4232 169 232 213 691 95 192 142 195 4363 224 75 148 4230 143 214 208 4491 1515 5796 2443 1963 4187 132 5670 3897 4841 2052 202 786 78 1781 5292 470 150 1382 187 4908 225 111 3583
919 5927 187 1370 274 6014 5385 1568 4916 204 107 1786 226 4877 736 5899 175 98 202 243 5174 151 224 1573 1865 92 3974 5542 170 136 99 146 216 6014 819 97 1439 3952 106 291 2228 161 264 213 123 4230 169 218 3117 91 131 1442 4564 941 5468 95 50 4847 156 2613 820 2448 2875 164 1053 1179 5771 150 235 265 245
2323 4124 3920 5507 293 259 2389 243 265 912 149 173 192 876 161 155 5106 235 2415 166 927 1119 152 216 170 5951 4580 169 287 4183 197 175 258 195 5009 905 1822 2709 4996 3073 3357 239 150 220 5980 1807 1102 204 846 131 208 225 271 860 147 143 2164 3019 5612 2232 5207 5203 4931 151 281 187 201 606 4124 236 267
2011 1770 134 181 319 179 264 144 4212 166 198 182 169 3304 204 3184 2513 2341 907 271 262 2507 2187 5400 4865 2584 284 216 316 261 4741 268 329 302 229 301 251 4013 194 240 2095 4104 2061 2199 5857 245 5884 237 3626 3344 492 4631 242 3741 5904 192 310 202 4914 195 1751 3977 148 5460 5158 4799 136 139 384 199 4481
1089 824 1725 1293 454 123 208 161 3706 204 554 5242 4371 4835 5911 1165 197 202 971 3317 186 880 175 198 239 5379 169 199 4404 189 245 220 3893 255 261 192 148 1415 165 216 1116 1125 235 149 157 2723 3652 4864 491 264 234 1679 150 3484 3489 106 4242 3162 147 225 181 1845 4307 238 1043 259 179 1605 1691 224 195
46 4539 208 95 656 5870 492 980 192 2720 129 224 131 137 202 2836 1834 110 4137 4590 2584 90 136 3506 255 187 149 225 1887 190 242 5363 2704 3005 99 1631 161 138 3062 5252 2334 641 1183 182 96 5801 116 85 2677 1034 5159 1971 609 204 166 76 127 3352 173 1453 133 163 82 101 123 285 169 5586 195 2930 181
1499 5638 152 3495 3514 302 224 169 235 3945 1336 1002 378 5287 3821 319 1490 308 202 160 2877 220 3338 639 434 175 928 4651 187 4257 225 258 2018 162 329 192 214 3889 3601 5010 267 4211 900 2873 161 326 519 297 193 521 303 249 261 149 4796 156 1000 151 89 263 5813 5532 216 5633 264 245 182 198 272 1229 5020
1369 5802 1924 185 129 4621 202 248 3463 255 5811 3597 134 1888 2475 198 130 1589 5506 245 3831 166 4149 181 195 2601 2268 157 1684 4769 111 5467 123 117 258 178 169 5050 192 1876 260 4118 3053 136 148 5967 606 162 116 251 2799 5618 149 517 216 256 617 197 709 4593 1039 174 204 1327 5811 4917 4495 147 641 212 208
1953 289 469 194 2467 4172 3850 146 552 4141 4033 1214 205 5185 5045 148 264 230 131 159 199 5057 238 271 4750 161 5347 5803 169 208 204 3429 130 129 4589 2683 150 202 5120 245 3289 5672 4393 860 495 2342 258 274 118 127 136 149 1919 1722 3900 216 1234 195 2317 256 4234 125 163 4536 1103 233 198 3378 122 123 3550
1672 199 2006 258 302 3419 287 352 272 4600 5644 329 4236 274 216 1023 202 333 2272 355 281 229 404 331 5193 1102 1075 3390 303 375 2302 3715 403 2625 192 2108 3134 39 319 368 204 308 386 3265 195 225 5708 622 346 175 5136 1684 235 409 388 301 223 5010 1049 4590 887 2943 3815 284 267 340 5673 187 2522 5656 2543
2114 195 173 1161 2387 192 2500 245 129 105 123 3721 146 4333 4972 118 174 175 2746 1637 736 202 4718 3304 3534 235 148 5057 109 1603 3297 3516 879 2450 70 130 451 240 149 204 139 198 1722 5756 1670 3359 4538 2558 230 223 157 166 117 1739 181 1653 169 216 237 4369 131 1382 147 100 215 1475 242 3653 493 355 1844
2193 295 714 2661 163 206 3954 2083 3562 3709 242 173 2201 225 3382 165 175 4671 2192 157 1657 446 272 245 238 5 274 264 271 260 5883 223 4813 5198 2118 1610 1201 3317 567 1690 275 136 457 202 231 149 711 139 169 1570 130 4216 174 146 256 166 148 356 138 190 5678 179 5308 4789 216 714 198 181 208 4880 953
1375 3721 4874 335 264 2033 2906 4101 364 5784 2049 342 222 275 1721 284 209 195 2140 240 1926 241 199 4382 654 326 173 4505 2822 178 268 216 157 1823 131 5398 5904 192 2085 198 5459 1232 779 302 336 338 235 242 4995 1883 300 245 3644 288 5048 139 121 316 130 262 5413 5594 1071 127 1740 4683 148 179 740 329 448
586 2403 360 266 195 198 5339 5334 473 2508 2985 244 3373 123 858 136 3863 212 3955 272 284 273 3703 872 169 149 202 308 245 3975 310 4831 223 3597 3313 3298 301 2725 216 255 257 4619 155 434 5522 1950 264 4161 192 5715 2448 127 163 831 4457 138 268 901 148 133 3381 204 194 137 5010 166 151 4658 4326 267 512
363 225 5442 169 905 202 5363 2297 114 2858 4570 5949 5769 146 99 5219 759 186 1135 5910 123 3725 142 5086 2421 3200 5862 119 1649 136 150 112 4211 756 1982 195 131 133 198 4124 5429 162 233 166 168 223 2144 178 4854 5952 90 109 139 2455 184 1975 235 204 216 187 163 192 518 1149 3953 768 1300 3188 111 148 117
3252 1842 5105 245 175 3343 4661 281 1682 3237 204 225 5502 237 2433 3194 3322 3556 3274 267 240 1697 249 216 169 219 5318 302 212 293 115 264 187 5146 213 852 217 198 199 301 308 2458 192 803 1511 6030 1477 4037 181 2856 4400 69 242 258 261 157 263 163 3708 2985 4688 2773 220 4628 202 155 3377 195 834 294 3879
3670 146 2767 3830 4806 169 116 5413 272 2170 161 302 309 2642 5097 178 1179 333 230 1690 4529 343 150 5882 5949 3452 209 1936 2220 372 198 280 2619 193 384 308 1488 82 4055 190 319 222 1970 168 348 3662 326 175 314 4173 235 3889 352 216 5064 284 380 208 245 264 3977 157 1011 3339 139 409 1878 224 366 192 2628
1287 4972 179 220 2126 3221 272 273 1287 319 4165 296 1044 1020 793 237 208 308 2516 3788 2906 329 5214 1913 235 3302 346 263 5675 145 2237 242 2184 229 205 2801 331 264 3478 305 1375 2104 190 1174 2131 297 2382 1719 239 173 302 333 169 338 353 238 2330 1967 2760 245 326 265 274 216 2931 352 836 4011 384 355 4643
315 3905 258 204 136 419 5891 198 46 305 5498 4152 157 5798 4162 192 264 939 242 2778 147 1603 1259 245 3258 210 166 137 3559 423 2696 300 262 169 329 302 195 223 1424 1653 179 3165 148 163 2669 260 1375 3418 251 4740 271 149 255 202 4626 554 215 4849 259 139 272 199 2805 118 4542 4811 2488 5585 1570 653 4097
922 166 308 346 2789 195 297 161 2701 224 5350 1601 5047 347 255 1191 4829 343 314 1667 1453 169 170 3692 2068 319 4463 270 5874 193 2940 236 2063 225 4518 238 245 173 535 117 184 349 68 5587 339 567 5919 340 261 1852 5505 390 158 759 5962 333 300 3653 4365 227 3173 235 216 2154 1005 338 392 2524 5674 5834 3644
3159 3372 4575 1397 169 539 498 295 3937 166 235 4700 2834 1162 4394 4557 163 65 242 281 3404 314 272 301 354 273 1042 321 173 192 3816 197 3276 216 187 5562 302 3844 229 4622 352 5397 190 2676 1131 4892 3902 176 199 3451 308 3985 225 4386 195 303 274 536 271 4718 2441 161 2776 4596 329 175 3535 287 238 331 343
1241 225 199 232 147 857 2204 3187 288 267 204 4326 173 4923 1166 169 5995 5328 235 3199 224 149 302 279 260 478 3537 1959 1295 1470 439 163 5720 195 258 229 208 202 248 2879 239 981 3444 2678 192 174 1226 5618 576 5262 2396 490 255 242 234 264 179 189 4419 181 5244 1642 268 284 161 5244 190 1459 1142 259 2876
735 260 1161 261 147 2733 5254 212 2729 223 156 5787 5335 204 4129 208 129 137 162 123 833 2726 230 4775 3851 263 118 256 4731 3615 2554 181 1619 202 5431 3755 264 163 502 242 240 1840 134 199 2257 268 4799 157 2482 4019 151 148 169 244 198 192 5478 4338 803 258 4676 5525 2881 245 4938 4857 166 210 2953 2534 1289
1916 242 268 179 5258 230 272 1124 149 1416 239 199 1512 2693 1572 5102 6001 240 262 301 2427 3989 4477 3403 6024 306 2749 3369 3679 166 163 191 310 284 321 169 1554 151 2209 743 202 245 2609 192 1580 210 195 223 309 290 5966 263 5565 959 2815 260 5910 4221 319 1482 186 3634 147 134 4694 1554 204 1223 302 198 148
1293 1961 204 195 314 264 3997 1016 4357 161 2868 149 313 1491 300 169 317 71 3616 4606 1028 307 51 3897 3801 284 5662 157 329 202 279 327 774 2371 280 155 2901 4757 5569 333 245 1567 205 146 4924 2578 293 2531 326 193 181 519 308 3665 4346 1375 793 4925 216 1256 150 323 319 63 297 4316 1399 199 173 190 1480
3254 1205 272 123 3645 5725 204 293 5303 237 4393 157 271 133 1996 3040 3676 974 1006 273 288 118 194 216 367 301 1350 2589 2441 152 5901 2420 1204 294 182 5074 187 136 245 268 202 1080 2335 4930 274 1939 229 267 5419 259 946 5173 762 198 156 159 148 4259 825 784 4657 238 1655 264 223 1813 169 2449 249 535 149
1731 5491 2488 2298 163 2547 5448 1741 240 4574 29 202 261 204 581 302 1582 308 321 151 225 2712 657 242 181 5257 2346 201 214 192 284 326 4716 6009 285 255 221 3004 157 323 231 5844 545 195 190 2324 1887 5174 301 1581 5396 911 372 205 166 5385 272 1336 245 1425 216 4334 4809 5523 3865 4519 220 235 990 187 191
3360 5262 220 4114 176 271 181 809 5926 1964 4168 235 261 193 268 5408 275 264 5750 183 3420 4390 3269 5920 4752 272 4365 4044 5611 3583 4659 1293 169 3904 2892 237 251 182 293 225 6027 302 263 3313 1557 3657 987 4340 198 895 178 280 216 314 297 1563 303 245 3204 184 231 202 389 5678 3418 4122 286 1996 244 226 224
1395 204 2201 70 245 477 216 272 3028 4341 228 192 303 198 308 229 321 184 262 1779 4603 3783 237 1104 160 249 2046 2318 224 225 5421 2032 4147 5474 4846 498 648 258 3662 302 3869 2282 301 3248 264 331 3108 319 261 864 5046 1940 346 240 338 199 928 263 649 336 203 157 1993 329 202 242 5877 4497 2498 273 2631
2762 202 134 3099 4643 2749 163 143 4357 2008 169 3774 137 258 1550 218 150 259 4890 256 4063 260 217 5567 4061 219 4209 198 2695 144 4643 272 1680 2632 2168 3959 69 147 3617 3388 156 188 5867 129 135 159 257 185 2976 274 2755 273 5164 2256 2373 242 985 267 157 369 2389 3150 162 204 148 149 133 2231 2355 5563 4990
1257 202 3035 771 3107 4944 166 216 2267 4533 2345 181 331 400 319 4170 225 4712 1674 231 390 3372 388 4699 5635 220 230 305 2243 2975 1118 409 278 5899 5306 338 1263 2566 284 2301 275 2347 3580 2185 411 803 3300 3474 5533 195 392 163 1787 357 1217 1788 412 329 235 190 4550 2396 372 255 245 377 173 4760 175 302 208
2301 220 264 4272 284 2729 204 5862 5124 212 209 1355 198 4078 2581 5960 134 1427 3769 302 3477 216 340 1993 3707 5371 6033 163 217 228 181 3149 249 124 169 1608 116 329 308 187 2213 2886 319 215 182 240 4446 1651 293 4886 156 971 1629 151 331 150 4429 267 245 5210 2494 202 2813 4694 728 1229 326 242 271 157 1422
3447 139 181 285 293 151 204 167 147 169 4916 2326 5236 230 4964 4366 264 1182 143 261 1611 3139 272 2517 302 4604 171 202 229 199 291 4474 149 2163 2697 179 195 4859 2918 2569 2072 2470 157 2914 4068 245 1164 3763 223 289 271 1464 251 5113 2876 1666 595 2357 2992 212 4293 1131 146 198 192 2113 240 4548 216 300 5671
1652 4718 5581 199 231 309 3925 3996 6004 292 136 1044 4902 4706 4703 5912 4756 3147 272 4700 308 439 4429 203 3407 898 188 3758 303 4837 341 137 187 5141 179 224 1603 3889 2764 263 5980 5707 148 284 198 456 261 149 262 5424 5509 3879 195 173 5756 245 5007 166 2471 238 302 134 192 157 255 151 257 146 3730 175 4258
1607 302 1745 4134 134 163 1228 149 143 1529 3254 242 157 5457 183 147 3722 536 3942 1725 3674 260 5991 2387 173 3296 240 202 295 2617 273 2661 3119 5691 216 256 5305 245 5721 169 300 272 3901 148 2363 264 213 5378 1436 2833 162 1993 181 3211 3638 201 584 268 1587 185 212 4435 166 4803 258 3164 198 204 1371 191 192
1390 3025 530 147 242 151 3219 261 2268 3379 255 202 1237 252 2420 4582 2505 4621 232 5465 245 229 210 343 235 302 271 1766 1121 3263 2998 1978 1560 5428 148 204 4916 2850 344 308 272 260 279 536 4365 291 264 5703 192 5895 1126 4177 284 214 329 4663 337 367 335 68 1580 4548 216 195 336 139 1572 1240 157 5860 179
2691 921 102 1389 5134 147 235 1713 242 138 146 145 181 224 4831 2234 161 135 137 149 73 131 2516 3264 4245 166 1904 873 4273 3505 170 2019 125 5032 227 93 225 4991 2467 613 2025 3052 2484 21 2115 5132 5084 3786 173 127 151 4068 126 76 3268 110 162 3354 186 3456 195 2919 239 1557 5109 1760 122 3382 105 111 83
2454 3868 460 4807 439 504 328 482 458 199 4774 454 1280 2161 427 452 230 4643 255 5600 424 671 5044 3510 587 501 1275 438 245 296 2696 208 412 329 1890 5236 2662 553 2095 5350 284 278 1360 462 425 3972 1286 5020 264 476 343 216 675 2359 3854 5308 214 2942 51 2376 390 4281 240 449 263 179 305 316 445 3382 309
3080 2854 186 372 354 302 162 295 225 5147 3260 195 4912 4100 3008 265 1078 1455 1547 278 305 4306 163 150 321 657 370 310 221 349 3518 323 148 223 352 136 355 704 245 2136 326 284 3719 2852 301 588 274 5064 5717 202 5386 4547 2239 6029 5024 272 361 4030 1077 329 6017 166 137 441 210 337 829 3543 308 3941 2710
3701 1258 149 1250 789 129 3777 284 151 329 3406 177 204 235 199 202 240 1551 1393 2845 9 3187 288 918 139 130 1072 271 1503 190 3784 4547 1859 1430 6034 289 1473 157 255 326 241 264 1231 5740 248 6016 314 359 361 208 195 302 1487 1367 165 377 252 274 5770 338 352 2477 5081 570 245 4767 4844 316 5039 1829 1459
2267 273 1487 265 1854 3914 181 467 111 169 199 2708 133 204 5283 157 5962 175 3466 261 174 167 72 161 378 5808 556 249 1123 5624 272 2580 245 195 212 148 5734 264 149 2421 129 242 5279 192 162 123 240 202 4781 255 997 187 116 203 2433 259 390 806 4082 1610 198 2732 137 2942 2362 3775 5830 4273 4762 144 2313
594 5671 252 261 266 1045 204 5662 225 4267 5506 246 229 3689 162 296 102 4661 5540 227 1791 4738 146 114 5303 268 4466 184 142 1452 319 1357 155 235 284 192 112 4684 163 2613 131 3273 239 117 139 169 5969 281 3767 365 119 3655 187 4947 264 265 2505 2952 137 4752 4502 3248 150 136 242 660 271 233 5828 4177 186
348 1710 4718 3301 1226 195 585 2236 249 260 169 139 288 4846 137 212 2617 2597 181 2922 580 4614 225 1114 258 3822 4421 264 4138 237 1700 117 4904 157 4050 295 5893 149 282 3844 3372 245 4224 300 148 421 251 130 204 5602 5222 5068 118 2832 202 210 147 272 301 3703 198 1678 5446 3465 5849 185 2574 1074 143 192 199
968 169 4201 4849 146 126 265 4868 3756 3899 270 4823 205 2824 295 3439 173 1742 216 193 177 3934 190 1498 4652 272 256 245 264 195 4890 136 4246 233 322 2133 314 266 161 3303 2769 2671 319 2006 3026 174 278 4984 123 157 106 261 1674 4695 100 3720 3064 307 414 2680 3227 140 4763 3467 279 291 1453 107 284 3562 2098
3255 536 1204 998 427 267 3124 1325 282 157 255 2505 149 1476 216 251 198 2060 3888 4402 264 534 4634 174 143 280 202 125 4108 147 1304 272 5463 806 118 129 3492 2831 199 5496 270 2188 192 300 3306 2671 204 1324 5382 3842 134 240 249 5361 169 273 258 185 5860 4339 137 4847 4205 289 181 123 4720 4760 64 130 148
903 235 308 1750 183 88 333 327 5083 326 2131 323 297 231 5262 5945 289 196 340 266 208 1127 169 2119 1199 307 1555 241 5466 347 5546 3581 67 2101 324 291 5940 173 314 302 245 285 188 3034 73 88 195 4171 376 3763 205 1365 4572 224 1270 581 4631 2395 177 366 1289 286 315 300 280 127 166 1503 338 4293 2614
1233 2603 4987 995 244 240 245 300 312 4592 169 280 2345 3123 3531 776 3791 276 47 4385 271 3609 258 224 284 181 4044 149 150 1033 1429 1180 400 4635 205 3533 1252 2634 261 5708 319 5879 193 1582 1006 159 255 920 2890 216 264 148 314 2398 5421 2348 303 243 3162 204 308 230 195 173 5776 235 242 157 161 1653 2830
596 5426 156 163 5481 151 267 1769 5244 208 314 5184 2770 268 148 2809 198 293 273 5255 169 325 195 5045 244 291 4248 1300 4346 4207 310 166 216 4127 303 319 326 785 68 197 224 223 183 719 4772 2157 5397 306 209 3551 4495 329 4970 157 284 1421 3244 1814 182 202 4230 560 3219 264 237 199 2661 204 803 146 5383
1673 794 1575 3481 4556 1623 4623 3145 352 4377 1300 308 314 3454 173 953 272 5533 379 5557 1558 264 2634 4635 5641 151 2600 1401 150 291 331 3714 258 181 955 781 3128 5590 5161 275 3617 238 360 2993 293 366 2641 326 202 245 1238 4741 208 709 338 2910 161 4494 220 1672 274 367 231 4859 319 239 322 201 300 387 235
2053 942 4509 242 302 879 176 203 5574 273 284 222 117 225 1313 109 2067 5261 123 2435 223 1582 146 202 4863 5591 619 3815 166 181 151 2690 192 184 5315 5729 271 216 5124 179 4288 155 4405 283 136 195 245 4088 1283 272 147 102 1310 1616 148 2926 3602 268 5137 1826 198 4778 204 2039 262 910 803 1563 240 1815 2431
912 287 3595 218 141 4538 377 2048 2467 4036 319 383 388 3407 3997 299 340 3979 245 216 3304 146 169 308 5148 193 2869 1353 3996 3660 183 140 274 157 3053 264 4208 1870 937 304 115 5044 188 327 105 1659 391 293 954 300 172 323 214 330 3165 2125 2473 235 344 4334 4024 270 173 1320 4580 171 5081 185 3040 376 326
2080 683 224 237 202 1565 658 413 4038 308 268 3524 2519 306 117 261 3511 192 4168 186 403 941 338 146 216 233 5496 204 1296 176 5049 4820 131 2206 633 343 2325 92 310 1006 198 1302 181 571 3648 296 87 302 184 271 329 3996 139 264 267 2903 618 326 1796 2564 136 148 5922 106 3287 114 300 1997 166 1889 5275
3702 130 275 271 2543 3140 4205 4515 1626 236 634 157 3046 4706 5745 148 2269 1551 295 4208 241 255 3770 2156 5045 174 5707 165 2856 329 193 256 308 5229 326 245 129 264 284 208 5619 297 982 1602 3543 1655 681 5478 181 149 270 3007 3322 5224 139 473 4503 272 5697 913 175 151 338 5043 173 195 216 204 179 5649 302
10 325 2963 5413 905 148 245 5157 1816 169 175 2758 1154 319 213 308 4691 229 3819 4762 1282 214 1654 4812 5408 151 303 302 4883 199 3731 202 204 1547 183 636 5850 192 5723 193 178 310 156 5979 3851 5006 3299 326 301 290 216 261 271 3543 157 5794 3112 187 1258 251 5928 212 198 258 244 166 1840 1456 1174 1364 2569
1376 204 2407 1998 1561 1064 955 1233 337 192 198 273 571 5087 301 223 329 148 272 1465 245 1717 139 302 1641 163 5778 3772 2598 1750 1016 232 2581 4612 1817 3935 199 322 338 3715 5844 706 5 166 169 214 300 3538 202 237 268 3761 308 181 321 1391 147 3426 271 145 162 264 3898 149 195 733 328 2621 1135 5445 3148
2889 2575 272 5707 245 64 766 302 165 3968 1474 3576 225 270 203 5710 5259 161 4024 3846 3880 2127 187 5353 224 1539 293 239 150 5267 181 199 3388 197 202 306 229 307 2993 5527 303 4730 273 198 148 3214 184 238 274 2747 157 195 192 3795 1851 2761 166 573 279 163 240 5761 504 1801 287 2384 237 3281 308 149 4092
3754 90 4173 151 115 3029 1047 4744 108 199 133 116 182 148 129 202 117 99 101 5486 118 102 175 2400 127 174 1555 183 166 157 543 5786 3092 1607 125 5768 4188 491 149 1986 134 1744 4144 611 170 146 3697 168 3052 3752 4525 1803 1468 5710 120 5499 5323 140 348 150 5401 138 113 624 3697 110 167 5432 163 3330 162
1027 139 5143 192 216 173 1717 4551 245 61 602 166 146 198 5923 271 273 5206 343 119 302 272 5290 2439 284 184 4844 340 175 1521 2917 231 136 394 224 329 305 4444 178 264 2098 233 863 114 5392 3307 285 3360 2891 4846 5959 266 4375 4842 483 3149 117 205 3540 1406 324 3345 1655 204 837 372 4641 3921 2672 308 307
2000 162 5868 4785 163 326 300 351 3630 3406 293 202 3379 2593 4074 151 1708 4223 402 2026 1768 2340 2126 308 4871 461 273 195 2582 1950 429 435 369 2369 349 1027 489 216 331 352 442 3390 382 2 1728 424 240 1818 5146 329 288 169 284 463 5985 392 454 5012 3 198 2707 302 174 272 264 4551 4847 290 5713 5093 306