5009 1408 2067 3035 924 3062 3066 3072
5180 3793 2433 2476 260 3481 2826 296
5520 1 593 2084 3052 3448 2858 608
5829 902 3083 1812 260 1136 3105 3114
5841 589 6 1485 3441 2115 1196 1198
2 3421 1641 648 1394 104 1210 1431
125 648 2993 1188 589 1415 1416 902
184 1250 2058 589 9 1429 1356 1370
374 1186 589 1263 1196 593 685 1293
417 587 590 736 1198 593 3104 3033
445 1250 745 2080 908 914 778 922
449 2987 1253 2236 903 904 1299 910
961 719 2058 586 589 1266 733 1610
981 3948 2080 764 2243 2248 920 2406
1060 2987 1256 1 1282 908 1445 955
1091 3793 588 594 595 2078 2080 2081
1216 2997 1277 1282 1288 3033 912 919
1418 1249 3938 589 3 1426 2291 2455
1558 594 3019 3034 2090 1299 2250 2407
2244 3798 3253 3408 3409 3273 3285 3453
2459 2987 1269 590 903 904 911 914
2514 1270 923 780 2407 2297 2454 3408
2544 1266 750 2088 3222 3408 3414 3270
2903 2997 3005 6 3948 593 1295 3083
3136 913 3053 785 3203 3081 2433 2600
3305 1249 1250 2064 1263 2067 595 1270
3382 3792 750 2247 3066 1639 3263 253
3648 1258 1259 2068 593 1270 2078 1285
3706 592 762 2268 1466 2280 1627 3247
4010 1258 1261 593 597 3016 3018 1270
4026 1249 589 2203 1264 1270 750 902
4030 1258 1261 3018 1278 968 2455 2459
4080 2997 1 1265 1270 2086 3031 2248
4164 574 3790 2997 1 1265 1270 3052
4235 3798 3016 906 911 2428 2433 253
4316 589 924 3070 968 3479 260 1129
4318 3791 3793 2071 2858 3809 1127 2133
4354 2054 589 924 2407 3068 1831 3471
4485 5 1407 593 3407 3416 2495 3448
4739 1407 597 918 1457 932 2469 1821
5126 589 3006 2094 3052 924 2407 3471
5278 3791 2067 902 914 915 919 3052
5726 3053 3081 3409 2805 3483 2827 3484
5738 3006 3418 3476 260 2829 1101 296
5854 2070 913 3053 3060 2442 223 2153
5976 593 3066 3093 3408 3421 3471 2819
6030 919 3088 3418 3448 2804 1500 1537
265 720 2997 587 3004 1193 1269 1196
279 1256 3873 2208 1269 902 904 905
403 648 2997 1263 593 3897 3107 1446
427 2997 1 3949 1265 593 778 920
486 2054 1259 3948 1265 1269 593 1270
563 1250 2996 1262 2067 2078 750 910
611 1248 3947 1269 1284 2455 1673 3450
833 3930 1408 1265 2243 916 920 2406
960 2052 2997 3004 3005 3408 2625 3285
1007 2997 1 1401 3948 1276 3037 1294
1035 1254 2997 1 2203 593 904 1294
1234 593 2231 2269 2431 1672 1678 1680
1279 3793 3798 2997 589 3409 2470 1833
1460 3938 3939 1252 589 3 3941 3942
1690 3948 592 1270 1275 3210 3240 3299
1956 5 593 596 1294 919 3067 3072
2111 1 590 1610 1641 3246 3255 3418
2400 2987 2997 589 1408 1279 913 920
2516 589 2423 2439 2294 1499 3250 3408
2605 1259 2064 1269 1270 1276 1278 1292
2615 588 1263 1276 1291 1296 954 3260
3087 1265 590 597 1280 904 2248 1446
3112 586 1 592 593 1413 1270 2248
3436 1257 1 3948 1270 1278 2081 910
3471 1258 1259 593 2085 1289 919 920
3702 3793 1639 3263 3646 293 3654 3809
3733 3793 1270 3034 780 1625 2431 1639
3757 589 1 593 908 3055 1610 1617
3868 595 920 2294 3421 2485 410 2683
3892 3793 3798 3072 2475 3615 3617 3624
3940 589 1407 742 780 799 2279 2617
3943 1259 593 2247 2406 1617 2469 1835
3985 2997 586 2241 785 2282 1641 3253
4127 1269 592 2076 2243 3052 1459 3206
4197 3016 2097 2454 253 3476 3499 610
4230 587 589 592 2085 912 2420 3421
4419 903 904 912 913 923 942 949
4454 3793 913 969 223 2858 1197 3113
4492 3794 3795 3796 3798 912 918 928
4545 1 924 2804 296 2858 2871 608
4573 3793 1449 1466 969 246 296 608
4589 3418 261 3499 293 296 608 1183
4651 3795 593 902 903 904 908 912
4817 3000 1 912 924 3471 3479 260
4882 588 2081 914 918 982 3447 262
4909 592 2490 260 2826 2828 2861 1196
4919 581 904 908 910 912 913 919
5347 1407 3013 3016 3018 968 2455 2459
5641 2059 588 594 596 2078 2080 2081
5835 593 260 3483 296 2858 1148 2889
293 2997 581 1 1193 1285 759 1446
358 3793 589 2133 1196 1270 3101 3033
404 2996 1265 2144 910 1459 3147 2359
468 1250 1256 2997 593 1411 1278 750
472 3793 594 2080 1282 901 2096 907
772 3793 589 3005 785 1490 2605 260
877 3793 741 748 2600 3409 1676 3617
994 1265 597 2080 911 912 3225 3097
1109 3793 2997 593 2070 3051 3053 3409
1256 2987 1259 736 592 1288 2405 2406
1401 2997 589 3000 593 595 903 2268
1755 2987 785 3071 2605 3408 2485 2490
1813 3932 589 3952 2232 780 2455 2628
1826 3931 1259 1270 908 923 2263 2291
1974 1 1262 599 750 1294 1440 1449
2000 2987 2995 3798 3005 3016 3203 3072
2080 3793 3798 6 1617 3238 3408 3273
2360 1255 2064 2247 2259 2261 2470 2478
2361 3793 2997 1259 3948 593 3952 2247
2585 571 2997 3006 2064 3019 1276 1288
2649 1250 1262 1270 924 3471 2672 3479
3342 3798 2997 733 2081 1286 3034 3052
3752 2987 1258 1259 589 1 1265 1266
4199 3793 589 924 1476 968 260 1129
4692 3006 2067 590 920 2401 2433 969
4758 586 1 2081 902 924 3086 971
4824 588 595 2078 2081 919 2858 608
5092 588 1 1408 590 920 3418 1147
5100 2083 1885 1525 1972 374 1294 3697
31 1249 3429 3286 1250 2707 1834 589
79 2059 1 1408 1265 661 590 593
85 648 2997 3005 1344 754 903 904
537 1250 2997 592 593 1270 1275 1276
580 3 1409 1265 733 736 1454 3257
767 2236 1617 2617 1673 2479 2628 1831
778 2987 2997 3004 3005 3016 785 3203
1207 1249 589 3948 1261 1269 599 1284
1291 1249 3793 1259 589 3948 1261 1284
1295 2997 1 3006 1265 590 593 3252
1485 3793 3005 2428 1485 3408 3273 2629
1547 2987 913 785 3081 2605 2607 3285
1575 7 1408 1265 2080 1296 1441 911
1626 1249 589 3943 3948 1464 3241 1644
1643 3793 2995 3798 590 593 741 1280
1868 583 1 1270 904 1292 910 260
2226 1249 2058 589 593 1270 908 2268
2519 1251 3948 1262 3952 913 922 932
2557 2054 1259 2 1270 924 788 2288
2703 3789 1250 593 1272 1276 3037 1296
2790 1252 1266 1267 1280 1284 908 912
2796 1249 1258 589 1407 1261 1269 1278
2948 2987 3793 1270 3053 968 3408 223
2963 1252 1259 3006 3949 1267 904 908
2969 2987 3793 2997 588 589 1 1265
3203 1265 3037 3039 1292 1294 915 3052
3321 6 1408 1265 592 2231 920 2268
3347 2067 1265 736 2081 1296 912 3073
3484 1250 1254 589 1267 593 1272 1288
3771 588 593 2072 1274 779 924 3206
3871 2997 1 593 1466 1617 3081 1625
4075 1401 593 1411 2236 1619 3078 1476
4119 2997 2064 1270 1278 1285 3039 3052
4207 7 1408 902 911 914 915 916
4433 2413 3081 253 3809 3814 3835 3846
4543 3789 3792 908 912 919 923 926
4859 3006 593 3499 1127 608 2889 3175
4965 952 969 2448 260 2100 1198 2529
5032 594 904 913 914 918 919 926
5035 3792 3004 2093 913 2428 2433 2457
5324 590 593 903 904 924 965 2467
5356 589 593 1806 2485 216 223 2805
5373 3005 3016 913 2805 2826 2842 2858
5415 1 593 905 910 1870 2858 1127
5460 588 1 2065 3022 3067 3072 3422
5668 2064 2065 905 909 1441 2407 3067
5720 1 3006 3007 593 908 910 919
5819 593 919 953 1136 1193 1196 1198
5906 904 908 909 910 919 923 929
5927 589 593 2076 913 954 3415 3461
6021 1 3039 296 608 2115 1196 2150
105 1183 1188 586 1265 1277 2081 1357
141 3793 2997 589 1 3007 1265 593
278 2067 1196 1344 1289 2095 780 2404
364 2125 3 3004 593 594 2168 2316
421 3863 1253 2997 3005 1199 1270 750
440 3932 2054 1253 589 1266 593 920
459 3791 3039 1641 2463 235 3608 2863
671 2987 3930 1250 1252 1259 589 590
765 1259 1270 1285 3033 3039 1297 2243
1564 2997 1 1265 1414 1279 1425 1440
1587 1259 1 1265 1266 1270 1278 1288
1653 1251 3949 1280 908 1446 3077 1635
1727 2987 588 3000 1405 595 1270 2078
1741 2987 1258 589 2097 788 1610 1617
1904 3792 1267 3022 1280 1428 750 904
1986 2987 1 594 2080 2081 2087 3039
2364 593 1276 3035 2239 1291 1294 909
2415 3948 3949 1408 593 3952 3070 1619
2419 589 1270 1275 1287 1291 1610 3408
2498 2987 2995 3005 1270 3053 3203 3219
2518 2054 2 595 1282 1288 1653 3408
2555 583 2065 1264 593 1270 1293 1617
2659 1 7 1408 597 2248 914 916
2761 3005 1287 1291 3053 1610 2454 2676
2769 3930 1259 589 593 953 954 2291
2822 589 1 3006 2268 2291 1639 1641
3479 590 750 3044 920 3081 3087 2287
3552 2058 2059 589 736 780 786 1608
3616 1250 1259 1 1263 2067 1270 1278
3701 2997 589 1 750 902 2288 2499
3739 2231 1466 1619 1645 3255 1682 1693
3808 3793 2058 589 1287 1610 2645 2662
3817 2987 1250 2236 920 785 2276 1623
3855 3793 595 2085 924 1459 3070 3420
3990 2997 3005 3016 3203 2428 3238 3239
4011 3793 720 3799 1270 741 3033 780
4198 920 3072 1475 955 3095 2442 1814
4205 588 1 594 595 596 2080 906
4296 2064 3052 921 3072 2858 3814 1131
4528 924 968 2454 3476 2841 1198 2513
4587 3791 1 597 1422 2082 3039 2423
4598 588 3003 596 2077 2078 2083 2096
4719 3791 3005 3006 2433 2858 3809 1513
4766 3006 595 2080 2087 2096 912 3051
4803 3791 271 1281 3698 858 3700 3701
4992 587 2065 2067 2080 910 912 943
5057 3789 3792 903 904 906 911 924
5203 2054 589 7 924 2467 208 253
5335 1499 969 266 2822 1198 3101 1552
5473 589 1 1446 924 3070 2454 260
5486 589 3052 3082 2474 260 2858 1127
5543 589 3006 3052 3053 3081 213 2490
5740 3032 2091 924 968 2454 2495 3471
5741 1 594 595 2078 2080 904 910
6027 3000 6 1438 2427 227 260 265
103 2987 2997 3005 3016 858 785 3219
432 3 1276 1288 1294 3210 3072 2424
477 720 1256 2996 2997 1 3948 1265
579 1262 750 1289 3037 1298 1299 2404
761 3793 1270 750 3033 1291 924 788
922 1265 1270 920 1617 2289 1641 3253
1012 2997 735 2081 910 915 921 3061
1026 1259 589 3948 593 912 2291 3481
1213 3792 1283 3037 924 3072 3074 3091
1282 2059 1 1407 593 594 595 597
1329 1250 1252 2 1266 593 2210 3022
1662 590 593 2291 1639 3255 3418 408
1714 3793 3946 3948 593 3952 3239 2628
1719 1259 589 3949 3952 908 1466 2291
1858 1250 1278 750 902 912 924 1615
2039 3798 3005 3948 1265 2250 785 3219
2112 3930 1259 589 1269 748 1284 3232
2116 2995 1269 2070 1270 1287 910 917
2331 1254 3948 1267 593 904 908 910
2568 3015 1284 908 2291 2455 3450 3456
2609 3937 589 3 1426 760 2454 1673
2860 2997 2605 2606 3409 3424 2485 233
2876 588 1407 593 2072 1274 924 3081
2923 3793 588 1 3004 1617 2428 2605
3277 1256 1270 905 908 910 3067 936
3349 1265 750 1449 1617 3078 3253 252
3878 736 3044 2247 788 3082 239 253
3986 2987 3793 2997 920 1457 2605 3408
4181 3793 589 924 260 1193 1197 3147
4204 913 3072 2826 1127 2140 2147 2161
4581 587 4 592 597 3037 923 940
5175 575 3793 588 1 592 3052 260
5310 1415 2085 903 923 924 960 2494
5353 589 292 648 1518 1552 1573 1580
5383 588 594 2087 2096 910 920 945
5384 585 3006 3052 3053 3405 3408 3471
5409 2428 2434 2856 2881 1569 1911 2599
5424 923 2492 223 260 296 608 1199
5434 3037 2858 1527 1573 1580 1584 1909
5590 924 3083 3086 978 223 260 3494
5636 1 913 923 2427 1834 237 3450
5664 1411 919 923 924 3089 240 3471
5692 593 908 912 923 930 3089 1809
5788 589 3006 2076 913 3052 971 2474
5920 589 1 590 593 260 296 2100
5939 3005 2428 2433 2485 2490 233 2826
471 3793 589 3000 593 750 1291 912
484 1270 1281 3035 1294 2243 3072 3408
518 3799 1 2080 2085 912 2262 1608
617 1249 3930 1250 589 3947 2454 3409
624 1271 920 3060 2268 3078 3088 3246
912 2987 586 592 1270 2402 2403 2404
943 2987 2997 3005 954 968 2600 223
1041 2054 2 2087 2093 2253 788 3438
1237 2997 2070 913 920 3203 3219 968
1250 2987 2997 3004 785 2433 3408 2485
1404 2997 593 1278 3035 1294 910 920
1571 3005 1441 3203 1611 3219 3238 2605
1624 2987 3951 3952 1416 912 3051 1496
1656 588 1 3948 594 595 596 2081
1699 3793 3943 3952 3252 3408 3285 2804
2153 1250 720 2997 1 1262 593 1278
2285 3 3004 1617 2433 2490 223 2828
2479 2987 3793 589 1261 912 913 2291
2731 587 1267 590 1287 1291 912 913
3254 3798 587 7 597 3044 1475 3081
3292 736 2247 2431 207 3298 2826 2699
3346 3006 593 2269 3079 3238 3408 3299
3819 589 2 1270 2407 2288 2455 1653
4046 2058 589 596 3020 2268 1645 2628
4058 2997 1 1265 1270 909 3052 799
4124 2997 1269 3039 2402 2404 932 2294
4404 903 919 3052 923 3081 950 951
4428 3793 3018 922 926 954 971 3415
4474 589 260 3114 1527 1544 1584 1591
4668 588 1 2081 903 919 920 969
4912 581 3006 597 3081 213 2804 260
5005 596 906 2099 913 922 923 928
5284 3082 2490 223 2805 2840 2858 2881
5302 3006 593 3071 3481 296 1124 608
5416 2054 2454 3479 260 2872 2100 2105
5502 3006 593 2424 2433 3418 3476 1885
5514 2054 589 920 2453 260 3489 2890
5563 2076 2082 3033 908 3052 3082 3412
5848 587 1408 2427 3424 238 239 2804
5969 2455 1831 3471 1876 260 1127 1175
90 1197 2073 1276 1278 3104 3035 1294
153 1248 1249 2997 1196 1282 3203 2333
176 2987 590 1197 1198 2140 1358 3032
494 1250 3793 1 1262 1265 750 3054
615 1248 1250 3793 1259 589 1274 741
644 1252 1256 1 2064 593 745 750
733 1266 785 2401 2428 3408 2617 2471
803 592 2076 750 912 914 923 3064
866 589 3949 1265 1284 1292 2096 908
977 2997 223 233 2692 2693 3498 2841
988 1252 720 2203 1260 2066 596 745
1005 3793 3798 2997 736 3052 1617 1644
1025 1248 2203 2066 1267 3952 1284 922
1107 3930 3932 1259 1260 1270 908 2291
1367 1265 1288 905 1296 2243 912 920
1370 2 3948 3949 3952 1654 2622 2628
1423 724 799 2279 3081 2428 1645 2600
1437 2997 1270 2605 3409 3298 3615 2826
1831 2071 2237 1613 3078 2291 1635 1643
1912 2987 720 3000 594 596 741 2078
1965 1248 1258 3013 3030 902 910 2288
2314 1263 593 2072 924 1459 3206 2262
2674 2054 589 2 780 788 3404 1676
2911 2997 3004 3005 2072 1608 932 3285
2960 1249 3930 3932 3936 3947 1261 1269
2978 2987 588 733 592 595 596 919
3058 1408 1265 1267 593 1270 1276 1288
3063 2987 589 780 2291 2455 3623 2683
3152 1265 1270 1285 3039 3253 3255 2628
3408 2058 587 589 6 733 761 3219
3793 2987 3793 3016 2093 968 2605 223
3875 3793 3798 3006 1617 2282 3250 2628
4044 3789 3791 3792 3798 3799 593 2085
4187 3793 924 1459 969 2826 2846 1127
4368 3789 3019 914 3077 3468 3473 266
4430 589 593 3052 924 1459 2435 235
4586 589 1408 593 2858 1188 3147 3148
4701 593 904 908 912 919 1814 260
5217 2087 2093 3438 3439 246 260 3489
5506 2053 3005 3016 2411 2433 223 2816
29 1176 720 2997 589 150 3943 3006
49 3861 3863 3793 2135 2160 902 2312
71 3869 3798 2997 1187 1188 593 597
73 1252 800 1267 593 1284 2300 913
285 3948 1265 1197 1198 3897 904 908
324 1 3 5 2133 597 2082 1513
362 1249 648 661 1197 1353 1282 1358
433 1 2064 2078 3028 1282 2085 2098
457 3930 3932 3933 1250 1259 1261 1269
531 1249 2054 589 1282 2291 2622 2628
553 3948 1457 785 3203 2437 2605 3285
632 3005 1404 1270 2433 3408 2630 223
793 2997 2064 1265 3039 2243 912 3072
870 2987 724 2997 3005 3053 3081 1623
911 1292 2243 1449 919 2427 2289 986
1023 1259 1265 900 902 2243 914 920
1348 2991 589 2071 1291 2414 260 457
1479 3946 3948 1266 3952 2082 3409 3457
1552 2081 2082 2085 902 912 923 1468
1676 3005 1459 2411 1617 2605 2628 3285
1817 1259 1 2 590 594 1270 2078
2074 2997 586 3039 913 2433 2605 223
2282 3930 2997 912 3081 968 2676 2688
2312 2987 2054 1270 3053 2407 2455 2628
2391 913 920 3408 2805 2688 2690 2694
2509 3932 2054 1253 589 1 2 1262
2547 2987 3005 1271 3203 3219 2605 3285
2602 2058 3006 1408 1265 733 2268 3255
2611 2997 1265 745 912 2268 3072 1617
2697 2997 1 1260 1281 1288 905 912
2849 1259 3006 3007 590 592 2077 1291
2957 2987 3793 912 913 785 3081 968
2991 2415 3072 3083 3240 3285 3287 222
3586 587 589 1266 2076 748 912 919
3953 3793 2054 589 1270 3033 780 788
4356 3 594 597 2087 2096 919 3438
4558 2064 3052 3053 947 3082 3096 1148
4780 1 912 919 3051 3078 3421 2801
4858 594 3039 914 919 920 934 3404
4877 2050 586 588 2081 952 2470 2485
5094 903 908 922 923 947 3083 950
5140 589 3054 924 3082 2167 1527 3157
5189 588 594 595 2078 2081 2085 917
5287 904 912 915 920 2436 3095 202
5376 3006 1409 593 3081 3418 2858 608
5485 6 592 910 1466 3435 1866 296
5638 588 3005 3006 593 903 908 919
6019 589 913 940 3404 3406 3418 1175
506 1248 1276 1277 908 1299 3067 3435
595 1249 3793 1259 587 589 3 1427
674 2997 3005 1270 3203 2433 2605 3408
741 3793 589 593 924 2455 1653 1804
824 3789 595 904 910 919 920 923
859 1258 3943 1261 3018 902 2404 1623
864 3000 1 1265 1292 920 780 1610
1257 3930 3932 3934 2203 3948 2066 913
1503 3793 6 1261 1265 3020 1291 3265
2296 1262 593 914 1610 1646 3421 3467
2429 724 589 1407 3033 3039 2403 2268
2436 1258 1266 593 1270 2291 3255 3409
2517 1265 3018 1284 2094 919 2406 1639
2553 1259 590 2243 3068 2273 3408 1674
2661 1259 589 1261 1269 908 918 923
2677 1258 589 1264 1278 904 912 3095
3014 779 920 924 1459 3206 3060 2262
3315 1262 593 595 2078 2087 1287 912
3665 2993 589 1270 1287 2278 3256 2662
3775 1259 1270 2081 1285 1288 3039 1297
3827 3793 589 1270 1274 741 750 2271
3866 2987 1262 733 592 1275 919 950
4002 1248 1252 1260 2066 1284 903 904
4292 1419 955 2453 296 3808 3813 3814
4422 593 3069 3468 3499 296 608 1148
4518 587 908 910 924 1459 932 947
4650 581 3007 593 3072 3408 206 1856
4765 3006 912 3052 3078 3081 3082 1842
4810 3022 3030 904 912 3067 3077 3095
4924 1 905 910 927 3060 3072 2463
4928 903 904 908 910 922 923 926
5054 590 597 3044 920 922 932 3412
5188 589 3037 912 913 2454 2455 260
5455 1 2064 912 921 3072 2804 2882
5731 590 592 2099 912 928 2405 940
45 3280 1327 3361 1407 1261 2710 1279
291 648 589 3948 1193 1196 1199 671
520 3930 1252 1266 590 593 597 1283
1022 3936 1284 900 903 909 924 940
1047 2997 1265 902 3072 1617 2289 2291
1074 1248 1252 3007 1262 1267 750 903
1075 587 588 1 1405 1409 597 1614
1486 3948 1288 919 938 945 3409 3273
1580 2997 588 3005 7 1617 2297 3253
1846 1248 3794 3006 3949 930 1617 2431
1856 589 3000 1 594 1282 919 2427
2005 585 588 593 594 595 2078 2081
2290 1256 592 912 919 3201 2405 2406
2327 3932 589 3 1610 2291 2455 2456
2365 2058 733 1270 2094 780 1608 3072
2508 585 589 920 1610 969 1657 3404
2538 589 592 1275 1287 1291 2427 3418
2587 3930 587 3948 1265 597 1449 2436
2590 589 1 593 1270 1283 1291 922
2595 7 736 597 1610 1617 3259 3269
2631 3936 1459 1617 1625 1645 2456 1805
2651 1256 1 1265 593 1270 1294 3210
2701 1407 1262 3081 2428 2617 273 3499
3015 589 1266 3053 1623 260 2826 2686
3093 2987 3793 2997 589 2219 913 3203
3126 2212 908 1455 923 926 1617 1498
3220 737 593 3020 2420 3082 260 292
3283 1279 1292 778 3060 3067 1617 3418
3404 1259 1267 3052 3206 2262 1609 3077
3405 3798 2997 1258 1259 593 1270 1293
3643 1265 1447 920 3060 1473 2420 2282
3766 3203 2442 1644 3252 3418 1673 2683
3783 2997 1265 2091 3060 1673 2858 608
3860 589 593 1411 778 1466 940 3081
4254 3791 912 917 919 920 923 943
4300 1408 912 969 3811 2872 2890 1178
4329 3793 593 3037 912 923 971 265
4438 913 3082 968 2490 2826 2858 2861
4659 912 2411 2420 3098 3448 2804 3809
4706 2065 908 1888 2858 2109 3114 2170
4871 586 588 589 5 1405 2082 903
4893 589 593 902 2402 969 3418 260
4895 3793 1432 1433 3456 3457 3483 1197
4923 593 598 912 923 3083 3421 265
5003 2065 593 597 909 910 916 921
5355 968 2455 2488 3476 3499 2159 2160
5673 1 912 986 3418 235 265 296
5932 3070 223 224 2805 260 2858 1127
50 3863 3793 588 1 1337 3897 3114
53 3873 1193 1269 1276 1278 2150 2300
321 1259 3871 2067 1196 590 1276 2243
399 1257 1258 1259 589 1196 1198 593
524 595 2070 1282 919 1466 1673 260
693 3793 2094 3053 3081 2600 2605 2606
798 3793 3287 1689 3624 3626 3481 3484
878 2997 905 908 912 916 933 947
1294 1248 3949 2066 1267 1284 920 930
1442 1252 750 912 1617 3265 3421 2804
1589 2081 3036 1291 1293 1299 3068 1801
1773 3793 1259 589 3 2455 3409 3450
1809 2206 3950 3952 2076 903 906 910
1899 2987 913 3053 2607 3298 2827 2683
1954 785 2428 2433 1490 2490 223 2683
1996 1265 1276 3060 3253 2628 231 3624
2006 2070 923 924 3201 2409 2804 2664
2082 589 1 593 1270 1617 2427 2858
2216 1258 589 3 592 1426 3251 2456
2273 2054 2 2086 2093 912 924 788
2328 596 1281 3035 902 906 912 913
2559 590 593 1411 2268 1487 1633 3250
2779 2987 2997 3015 913 2253 3219 3081
3135 3793 2997 589 750 2248 919 924
3165 2997 1258 1265 919 778 924 1617
3257 3948 593 1270 912 921 923 3083
3337 1269 1270 1278 3035 3039 1292 1294
3630 720 589 733 1275 1291 1608 1610
3713 2455 3263 3614 3649 293 3653 3654
3979 724 742 799 3081 1645 253 3476
4173 913 922 924 3435 3471 1199 2186
4294 593 3017 2072 924 1459 999 3461
4299 588 589 1 1405 594 595 2085
4537 573 1 2067 2068 915 916 924
4562 3006 2420 3408 3448 296 2858 608
4611 1411 902 912 3079 222 261 270
4640 1 3006 7 3060 1482 205 223
4763 1 2081 1428 2092 912 924 3067
4935 908 912 2400 3421 2497 2804 265
5114 3006 3052 3083 994 290 296 2858
5211 3010 3030 904 908 910 922 3083
5307 593 2407 3451 3467 1196 1527 1580
5513 3005 3033 3053 3054 3081 3082 203
5608 1406 2075 3030 908 912 923 3095
5609 1 246 260 2822 296 1120 608
5684 2805 1870 2841 2858 3113 3157 3160
5801 903 910 926 928 969 3416 1104
5881 2058 589 924 968 260 610 2529
76 2997 3053 2188 3081 2433 3174 3408
84 648 2125 3949 1282 879 3238 3317
144 2997 2093 2311 2318 2333 2337 3408
377 1 593 1357 1358 3114 2321 2324
485 3952 1278 1449 3072 1682 1834 265
539 2997 1265 745 778 3213 223 260
716 3793 1259 589 3 908 1466 2428
907 593 1270 920 1673 2628 1683 2657
993 3793 1277 1291 912 1610 2427 969
1013 2987 1252 1 1262 1270 2080 919
1199 1249 2997 3053 2600 999 223 3298
1209 1257 589 1277 2094 780 3072 260
1288 1254 1408 1262 1270 1287 1291 912
1530 1249 3930 1259 2204 908 2291 2455
1637 2987 1248 3790 1252 1259 593 1270
1671 2997 1 2061 1291 2433 3614 260
1791 2997 3005 597 2268 2424 3081 3259
1814 2053 3948 1270 741 765 780 2291
2212 1248 3937 589 1261 1282 908 2268
2228 2997 585 587 1 1265 3052 785
2494 1282 3081 207 2628 239 2671 1888
2837 1252 2997 750 908 3210 3089 246
2842 3 3072 2455 3408 3263 1673 3285
2962 912 919 920 928 3250 246 2804
3069 1248 1256 2064 1276 745 750 903
3102 1259 589 596 1284 908 3083 2291
3378 2997 3005 914 2433 2805 3623 2688
3522 589 1278 919 924 953 2672 260
3526 3798 1 736 780 3081 1625 1488
3722 1259 1270 1278 1288 1294 785 3203
3749 1259 1 2087 788 2447 1870 3477
3874 2987 1270 3081 968 2605 3615 2826
4016 2997 737 1422 3052 3081 3082 3238
4135 1248 1252 2203 1260 2066 2212 913
4213 1408 593 3052 3081 3408 1836 2496
4315 589 1 3082 3452 3461 3476 296
4645 3004 593 3408 3453 296 2858 2889
4760 3052 3053 923 3081 3082 3471 293
4837 2054 920 1806 2846 296 648 3100
5016 589 593 924 969 2463 1173 648
5178 589 3000 6 3006 924 2409 3083
5315 2085 3033 3052 223 231 2889 1196
5443 2087 3081 2806 260 2827 2828 2840
5558 589 593 908 1466 2478 296 2858
5632 3039 919 924 2407 3470 3471 296
5650 588 1 593 594 595 596 2078
5782 7 597 2424 222 2496 236 252
5863 590 3072 3471 260 2882 1196 318
5869 1483 260 267 288 296 2115 1199
114 648 3863 3793 2135 3948 1407 3101
393 2058 589 6 733 809 2167 1527
554 2987 3798 588 1 745 2081 1282
583 3004 3948 590 593 1291 912 919
597 3053 3203 1610 3081 3098 3285 3623
649 3793 2054 1259 1408 2427 2804 3623
680 2987 588 594 2085 2096 908 3054
683 593 3053 2409 2410 2411 2412 2433
1036 3794 3948 3952 2412 3408 3618 3623
1315 2987 2070 913 1617 968 2806 2683
1397 3930 3932 1252 1259 1284 903 904
1461 1259 589 3 3948 594 908 2291
1536 3948 1261 593 908 3210 3238 1639
1561 724 1407 742 799 2279 1644 1690
1781 2987 3930 3016 2070 785 2269 968
1914 3930 3936 1284 912 2454 2455 989
1972 1249 3932 1259 589 3947 1269 908
2150 1249 3932 3936 589 1269 908 3066
2190 588 733 1270 750 3052 1610 1617
2223 720 2997 1 1274 745 1282 750
2472 2989 589 1408 3952 1287 3408 3267
2481 1272 3206 1608 969 3408 3478 405
2493 2997 3006 1614 1617 1627 1644 3466
2533 1 2064 1270 1276 745 2080 1288
2676 733 593 1422 3203 3206 1610 1617
2710 1270 3070 945 2628 2641 2642 2643
2719 1408 590 593 908 3062 3406 3408
2828 1248 3934 1252 1256 750 3030 913
2834 1249 1259 589 3952 1292 908 2291
3325 1248 1249 1250 1282 1286 912 2408
3426 2058 593 904 924 2278 2616 1674
3574 3791 2995 1407 1261 3081 968 2454
3656 3793 2058 6 1408 1265 3020 1610
3667 3789 3791 1252 3798 3799 593 2076
4056 736 780 2409 2413 1625 2431 3263
4060 3791 3795 1662 2647 3802 3808 3811
4261 3791 2054 2 2453 3438 3479 260
4262 2858 3114 1513 2194 3145 2502 3160
4502 3052 3083 956 3462 2181 3145 3147
4569 3082 3445 3811 3813 2181 3147 3175
4622 3791 1127 2109 3185 1584 22 3578
4663 2433 2474 2858 3809 3812 3813 3814
4852 589 592 3070 3421 2858 2863 2872
4948 3053 1879 296 2858 2134 3108 3145
5359 3004 3005 3052 3053 3081 3082 3409
5562 589 919 3060 3466 265 270 293
5699 1 595 2078 2424 3405 3408 3418
5755 586 3004 3006 2067 2083 912 919
5964 3005 3016 223 2826 2827 2858 2881
107 1250 3938 3948 593 1270 1286 1544
446 1254 2068 594 596 2085 1293 1299
464 2997 581 588 3002 924 3075 2291
511 3015 1270 903 904 908 3044 1459
561 1277 1291 1604 969 3405 3418 457
739 3930 3932 3936 589 1261 1282 908
841 2987 2997 3285 2485 2683 2686 2858
1010 3948 1274 912 2450 2456 2628 3298
1044 1 7 597 3052 3225 3255 3259
1179 1250 3948 593 1270 903 904 1294
1276 2995 1407 780 3081 1499 1644 3264
1325 2997 1268 593 1277 1280 1641 3260
1579 1407 903 906 914 916 924 1617
1660 1249 3791 1266 3952 3036 1446 3260
2033 2064 1292 912 3067 1617 3083 2289
2168 724 588 1265 1449 2411 2279 2428
2274 2987 2249 3053 923 3203 3219 2670
2288 736 592 595 1270 2080 1282 2087
2359 2987 589 1278 3036 3421 3439 2657
2470 1259 589 1265 1270 908 915 933
2474 3932 1258 1407 1278 1291 799 2288
2486 1250 1256 590 1270 1291 908 1299
2621 2062 908 1611 2291 1639 265 270
2632 3203 1682 223 2805 2806 2683 2693
2707 3016 3219 2433 2600 2605 2467 2485
3059 1249 3005 733 2409 1608 1610 1615
3116 720 1258 1267 1287 904 2804 296
3119 3005 1617 2605 3408 2490 2683 2694
3185 3789 1248 1251 1252 3005 1260 2066
3234 3793 3798 2997 1270 2605 2628 2683
3460 589 2288 969 3274 2497 260 457
3462 2064 1270 1288 2248 2262 1617 1625
3465 1250 1259 593 3019 1270 1276 912
3548 2997 2080 1281 921 2406 3067 3072
3804 6 906 1617 1625 1674 3476 280
4045 1250 1254 2997 750 912 3201 969
4225 1 2064 3408 2881 1197 3101 3114
4266 910 3081 2433 2490 1127 1193 1911
4390 588 912 3051 2123 2133 3105 1517
4602 2054 590 594 595 2094 914 920
4637 2054 587 589 1 592 2090 924
4647 913 3081 3408 2806 2881 3174 1911
4666 908 912 923 246 1104 1163 1173
4711 586 8 2088 919 924 3095 3152
4776 592 1806 3461 260 1129 2133 1196
4802 2433 3408 2858 2861 2881 2888 3114
4849 2081 2407 2423 986 3418 2174 3147
4918 3791 912 260 296 1136 608 1148
4937 3051 3052 920 2485 1127 2881 3114
4981 1127 1129 1196 1197 1198 1961 1994
5146 587 1480 2479 2490 1841 296 608
5289 3007 1407 3019 920 3095 2462 3424
5378 5 2082 3054 3081 3082 1863 3489
5580 2058 592 2406 223 1196 1197 1912
5587 3006 593 919 926 971 211 2804
60 3861 3864 3793 3882 3889 3897 786
158 2987 3793 1198 2070 3114 1513 3255
218 648 3863 3791 3005 3101 785 3301
560 3948 3238 3408 3273 3299 3616 262
572 589 593 902 3044 919 2267 1617
667 593 2073 2094 3044 780 2424 1480
687 1250 1256 1262 1263 1278 750 3035
813 2987 1259 733 590 1413 1275 912
865 3793 2997 588 1 2092 783 1474
869 2997 1270 1441 1608 3251 3421 3285
882 589 3948 3952 3088 1673 3450 3623
1042 1269 592 1282 951 2291 1673 425
1048 2990 908 788 3099 1653 994 1676
1094 912 920 788 3211 1619 3260 208
1177 1252 2208 1266 1269 1422 3037 903
1244 1253 589 741 750 924 3072 2288
1246 1254 2202 3005 912 913 923 943
1381 1252 1254 1256 1284 904 905 910
1535 2054 1258 788 1485 3418 2100 1304
1619 1404 1617 3435 2692 431 608 3863
1703 3793 1257 585 2060 592 1291 3052
1724 1266 733 590 1291 1298 3081 3238
2073 589 3942 9 1291 1655 3409 3273
2098 3793 1259 589 2455 3409 266 3624
2195 2997 3005 3203 2605 3409 2490 3298
2342 588 2081 2087 900 2096 912 3061
2376 2991 589 593 1292 908 3206 2406
2395 589 595 1410 1413 1280 912 2291
2414 2997 3948 1459 1466 1617 2475 3420
2425 3948 926 971 2804 265 1104 1185
2830 1259 589 1 1269 1270 912 926
2953 2987 3004 912 3081 3273 3623 2826
2970 1649 1827 3298 2657 1865 2677 3481
3114 589 1284 908 3408 2628 1831 3450
3189 1257 1 1407 3243 216 3450 3452
3213 1251 924 926 932 3083 952 969
3214 3791 3006 1485 3255 3408 223 235
3384 586 736 3034 3044 780 2413 3263
3445 1255 1258 1407 735 593 2245 799
3507 3793 589 1499 260 2827 1127 3864
3572 1253 588 589 1 1270 2082 750
3626 3792 2203 736 2247 778 3055 3081
3718 2987 2997 1270 3219 2420 2433 2490
3743 909 926 3201 3072 952 2294 969
3813 3044 1625 3263 3635 3639 3640 3649
4150 2997 1296 3052 928 3081 1625 1639
4163 2997 593 1270 2083 750 924 3060
4245 920 2413 2431 1863 3809 3812 3841
4277 589 1408 3418 2490 292 1198 671
4330 3052 3063 3081 1168 2133 3146 3175
4473 1466 1805 2469 293 296 608 1179
4494 593 2081 1456 1826 3461 260 611
4564 589 3006 593 916 3402 260 293
4593 912 914 3062 2406 1475 3082 969
4777 1414 3072 2431 3421 1824 2803 2804
4819 965 969 2463 999 1836 3457 3471
4875 593 923 994 235 260 265 2858
5149 1 265 2108 1196 3108 1518 11
5161 2058 593 2409 2410 2411 2412 2490
5190 588 3006 590 593 2090 3476 266
5202 590 2890 2106 1179 3101 1920 3548
5342 588 593 594 595 2078 2080 2081
5371 3052 2427 2433 3408 223 2861 608
5461 1461 2428 3409 3436 223 234 3452
5588 2076 904 913 920 213 3476 3481
5611 2409 3072 2433 223 2806 2840 2841
5798 589 3005 3006 593 2840 608 2881
5934 588 1 1485 216 223 231 246
5935 593 260 608 1196 1197 1198 318
5972 589 924 3471 1127 632 692 3175
6026 2082 2094 3418 1876 2858 1188 2133
15 2987 2555 2629 2485 2568 1269 2713
210 1249 648 2140 2082 1286 1363 1466
380 1175 3793 589 1196 1270 750 920
585 589 1276 745 750 908 912 924
679 2997 1291 785 1674 2490 223 2672
755 2997 589 593 1894 1127 457 1185
825 3935 3944 3948 2064 3077 2434 1649
885 3795 3798 3952 3061 3408 3618 3827
971 1249 1250 1259 589 1269 908 780
1084 2059 1258 593 2091 1299 1610 1617
1431 1270 741 2805 2683 2686 2692 2694
1434 589 2061 1261 3952 2421 2291 3481
1650 1250 1262 593 599 1270 912 3062
1861 2987 2997 3004 3948 745 913 3072
1978 3948 593 3952 902 2288 3238 3408
1989 3006 593 1616 2628 3608 296 3823
2047 1252 589 3942 1269 908 781 2291
2048 1256 3952 750 904 905 910 912
2122 1270 1453 1457 2424 2291 207 3436
2182 2987 3004 913 968 2443 2622 3606
2188 3793 1270 3081 2605 2828 2683 2858
2256 1 597 3285 3436 3299 3453 3484
2311 719 3937 2054 1266 2408 2455 2615
2313 2997 902 1466 2427 2605 2694 2858
2357 3005 2067 2070 1270 920 3238 1496
2431 589 3005 1262 3081 1863 260 3635
2463 2987 1259 2065 593 2248 919 3249
2577 1252 589 593 2076 1284 904 3044
2724 1259 589 3 3948 1266 1285 2454
2740 589 6 1407 593 1610 1617 3408
2838 2987 2997 1 785 2402 3219 2605
2874 585 1291 2288 3265 3471 260 412
3143 3793 736 3083 1639 3263 3809 3825
3251 2987 2997 3016 3203 2428 2433 3408
3428 2997 1407 1285 904 2297 1836 1840
3493 2987 912 913 3053 2433 223 2826
3540 593 2248 919 778 3072 1805 3499
3605 593 919 2268 3072 3252 3255 225
3707 1270 1296 3086 1639 3263 3445 3653