4168 3789 571 574 575 577 2050 3791 3792 2053 3793 2054 3794 3795 3796 2058 3798 2059 580 581 584 2 3 4 3005 1401 6 3006 7 2060 1404 1406 1407 1408 2065 1409
1679 2987 1248 1249 571 719 574 3930 3936 2051 3937 3791 2052 3938 2990 1251 3939 2991 2054 1252 2055 720 1255 722 2995 1256 1257 2997 1258 1259 580 728 586 589 1 3940
4276 3789 570 574 3790 3791 2053 3793 3794 3796 2057 2058 3798 581 587 588 589 3000 1 2 3002 3005 1401 6 8 3008 2060 1404 2064 1408 2065 2067 2068 590 592 594
1940 2987 2989 719 3930 3931 3932 2050 3936 2051 3937 2052 1250 2053 2991 1252 2055 1253 2993 1254 3796 2057 3797 2995 1256 3798 2996 2059 724 1258 581 585 586 587 588 589
1180 2987 1248 2988 1249 718 719 3930 3932 3936 3937 3791 2990 2053 1251 2991 2054 1252 720 2993 1254 2057 2997 1258 728 585 586 587 588 589 3 2202 3005 2203 6 3943
888 3789 2987 2988 1249 571 3930 3931 3934 3936 3790 3937 2052 1250 2053 1251 3793 1252 1253 3795 1255 2995 1256 2997 2998 1259 2999 728 587 588 589 3002 2200 3 2201 3004
3617 3789 1248 2988 2989 572 574 3791 1250 3793 2054 1252 2993 2995 2997 1259 726 587 588 589 1 4 2202 1401 6 3006 2206 1404 1407 1261 2064 1408 2065 1264 731 2067
2062 2987 716 719 2050 2051 3791 2990 2054 1255 2995 2058 3798 2996 2059 1257 724 2997 725 585 586 587 589 3000 1 2 3 3004 3005 1404 1405 3948 1261 3949 2064 1409
1149 1248 574 3932 2050 3936 3790 3793 1252 3794 1253 720 2993 1254 2058 1256 2996 1257 2997 725 1259 581 728 585 586 588 589 1 4 2202 3005 1401 6 2204 3007 2206
1014 1248 2988 1249 719 3930 3935 3791 2054 1252 1253 3795 1254 2058 1256 3798 724 1258 1259 583 585 587 588 589 1 2 2203 3006 7 2060 2208 1260 3948 1407 3949 2064
5794 571 575 2050 2051 2052 2054 2055 585 586 587 588 589 1 2 4 5 6 3006 7 2060 1405 1408 2067 591 592 593 594 595 599 1410 3016 2070 3019 2071 2072
4343 3791 2054 586 587 588 589 1 2 6 3006 1404 1405 1407 2064 1408 2065 590 592 593 595 596 597 599 3014 1411 3016 3017 3018 2070 1414 3019 2076 2078 3024 3028
1979 2987 1248 2988 719 575 2052 3793 2054 1252 3794 1254 1256 2996 2059 1257 2997 1258 1259 586 588 589 2 3 3004 5 1401 3006 7 3007 2208 2062 3949 2064 2065 1409
2908 2987 1248 719 2050 2051 1250 2990 2053 3793 2054 1253 720 2993 1254 2995 3798 724 1258 1259 586 587 588 589 1 3 3005 2203 6 3006 2204 2206 1404 9 1405 1260
1448 1248 1249 719 3937 3791 1250 2053 1251 1252 1254 722 2058 3798 2059 724 2997 1259 586 588 1 2 3 3004 2202 3005 2203 6 3943 3006 1405 2064 1262 1409 1263 1265
4509 3789 575 3791 2052 3792 2054 2059 587 588 589 2 6 1408 2065 2066 2067 590 592 593 594 595 596 599 3011 3015 3016 3017 2075 2076 2077 2078 3025 1422 2080 3029
423 2987 1248 2989 719 3930 3932 3933 3935 3790 2052 2990 1251 3939 3793 2054 2992 1253 2993 1254 2995 1256 1257 724 2997 1258 725 586 588 589 1 2202 3005 6 3006 2206
4226 575 3791 2052 2053 2054 2059 580 585 2 3 4 5 3005 6 7 9 1405 1407 2064 2065 2068 590 592 593 594 597 3015 3016 3017 3018 2070 2071 2072 1417 2076
5830 3791 2052 3792 3793 585 586 587 588 589 3000 1 2 4 3005 6 3006 7 1408 2065 2066 592 593 594 597 3014 1410 3015 1411 3016 2070 1414 2072 2077 3022 3028
3390 2987 1248 1249 719 574 2050 2051 3791 2052 1250 2990 2053 2054 1252 3794 1253 1255 3798 2997 1258 1259 581 585 586 587 588 3001 3 4 5 6 3006 7 3007 2060
3840 2987 1248 3791 1250 3792 2053 2991 2054 1252 2055 1253 1254 1255 1256 724 1258 1259 587 1 2 2202 2203 1401 2206 1260 1407 1408 1262 1263 2066 2067 1265 1266 733 1267
4507 574 2053 3793 2054 3794 2058 585 586 587 588 589 3000 2 3 3004 6 2060 1405 1407 2064 1408 2065 1409 590 592 594 595 597 1411 3016 3017 1414 3019 2076 2078
1087 2987 1248 715 1249 719 575 577 3932 3791 2052 1250 2053 3793 1252 1253 2993 1254 2058 3798 2996 2059 724 2997 1258 1259 586 587 588 589 3000 1 3 2201 3004 3005
5366 3791 2054 2058 2059 3799 586 587 588 589 1 2 3 4 3005 1401 6 3006 3007 8 1405 1407 2064 2067 590 592 593 596 597 599 3014 3016 3017 3019 2072 1416
3807 2987 2988 1249 2989 719 3791 1252 2995 1257 2997 1258 725 1259 580 585 586 587 589 1 2 4 1401 6 7 2060 1405 1407 2064 1408 1262 1263 1265 1266 733 1268
548 1248 1249 2989 3932 2050 2990 2054 720 2995 1256 3798 724 1258 1259 580 585 586 588 589 1 2 3 2201 3005 2203 1401 6 2206 2060 1404 9 3947 1260 3948 1407
1284 2988 2989 719 574 3930 3790 3937 3791 1250 2990 1251 3793 2991 2054 1252 2993 1254 1256 3798 2997 1258 1259 581 728 586 587 588 589 1 6 3006 1260 3948 3949 2064
3223 2987 2988 1249 2989 718 574 3930 2050 2051 2991 2054 1252 3795 2993 1254 2058 1256 2996 2059 1257 724 2997 1258 580 728 583 585 586 587 589 2 3 2203 6 3006
3538 2987 715 1249 716 719 574 3791 2052 1250 2990 2991 1257 724 1258 725 581 588 589 1 2 4 3005 6 7 3007 1404 1405 1408 2065 731 2067 732 1266 733 1267
4542 3791 2054 3794 581 585 588 1 1401 6 3006 3007 3008 2060 1405 1407 2064 1409 590 592 593 594 3014 3016 3017 3018 2071 2073 2076 3020 3021 3024 2081 1425 2088 3031
5642 3791 3793 2054 2057 2058 2059 580 585 586 587 588 1 2 6 3006 7 3007 1407 2064 1408 2065 1409 2067 592 593 595 596 597 3011 3015 2070 1414 3019 1417 2075
1447 571 574 2051 3791 2054 1252 2995 2058 1257 724 2997 1258 1259 585 587 1 3001 2 3005 1401 6 3006 7 9 1407 1261 2065 1265 1266 733 2069 1268 735 590 736
751 2987 3791 2990 3793 1252 3797 2058 3798 1257 724 1258 725 581 728 585 587 1 3 3005 1401 6 3006 1405 1407 3949 1409 1266 733 2069 1268 1269 736 592 594 597
3031 2987 1249 716 2989 575 3930 3932 2050 2051 2052 2990 2053 2054 1252 2059 724 1258 585 586 587 588 589 1 2 3 4 1401 6 2064 1408 1409 1265 1266 733 736
3823 2987 2988 1249 718 2050 2051 3791 1250 3938 2990 1251 3939 2991 2054 1252 2055 1253 1254 2057 2058 1256 1257 724 2997 1258 1259 587 588 589 1 3 3941 6 2204 2206
523 2987 2988 1249 719 574 1250 1252 2058 724 2997 1258 725 1259 586 588 3000 3 5 1401 6 3006 9 2062 1260 1261 3949 1408 1409 1263 731 1265 1266 733 1267 735
4447 2053 3793 2054 2058 3798 589 1 2 3006 2064 1408 2065 2067 592 593 3016 3018 1414 3019 2075 1419 2076 2078 3020 3022 3024 1422 2080 2081 2085 1429 2089 3032 3033 3035
4063 3789 719 575 2052 1250 2053 1251 3793 1252 1253 720 1254 1256 2997 1258 728 586 587 588 3000 1 2 4 5 3005 3006 3008 1405 1260 2064 1262 2065 1263 1264 1265
4724 2051 3793 2054 2058 586 587 588 589 1 2 4 3004 5 3005 7 9 1407 2065 592 593 594 596 597 3014 3015 2078 2080 3029 2081 2082 2085 1429 2087 2089 3033
1009 2987 2050 3791 2990 1252 2995 2058 3798 1257 2997 1258 586 587 588 3000 1 2 3002 3 5 3005 3006 1404 9 1407 3949 1263 1265 1266 733 1267 1268 590 736 737
5953 2050 2051 2053 2057 585 586 587 589 1 1408 2067 590 592 593 595 596 597 3013 3015 3016 3017 3018 1419 2076 3021 3024 1422 2080 1425 2082 2085 1429 2088 2089 3033
677 2987 2050 2051 3937 2052 3792 2990 2053 3793 3794 3798 2059 1257 3799 2997 1258 1259 585 587 588 589 3000 1 2 4 3948 1407 3949 2065 1409 1265 733 590 736 592
1446 1248 1249 719 2990 2991 2054 1252 720 2993 1255 2995 2058 1256 1257 724 2997 1258 1259 585 587 588 589 1 2 3940 5 3942 6 3006 2060 9 1405 1260 3948 1407
4446 3789 575 2054 2058 586 587 589 2 3006 2060 1407 2064 1408 2065 2067 590 592 593 597 599 3011 3013 3015 3016 3018 2072 2073 3020 3021 3022 3024 2080 3029 2085 1429
2115 2987 2989 575 577 3790 2052 2053 3793 2995 3798 2996 2059 1257 724 1258 585 586 3000 1 2 3 3004 2202 5 3005 1401 6 3006 7 2060 9 1405 3948 1407 1408
549 2987 1248 715 2988 571 3934 2052 1250 3793 2991 2054 1252 1253 720 2993 1254 2058 1256 2059 1258 728 587 589 3000 1 2 3 6 7 9 1260 2064 1408 1262 2065
1604 2987 575 3791 2053 3793 2057 2058 1256 3798 1257 724 1258 1259 728 585 586 587 588 3000 1 2 3 6 7 8 3948 1407 3949 2064 1408 1265 1268 590 736 592
3525 2987 716 2050 3791 1250 3793 2054 2058 1256 3798 1257 724 3799 2997 580 585 586 587 588 589 3 4 6 7 3008 2060 2208 1407 1262 1263 731 1266 1269 736 593
1697 1248 1249 2989 3932 1250 3793 2054 1252 3794 720 3795 2993 1256 1258 1259 585 588 589 3000 3002 3005 2203 6 3943 3007 3008 2060 1405 1260 1407 1261 1408 1263 1264 2067
1879 2987 1249 2989 3930 3937 3791 1250 2990 3793 2991 2054 1253 2993 2058 1257 2997 1258 1259 586 587 588 589 3000 3 4 5 9 1405 1407 1262 2065 1409 1263 1265 1266
1911 3789 2987 2989 574 3932 3791 1250 2990 1251 2991 2054 1252 3794 1253 2993 1254 2995 1256 724 2997 1258 1259 586 587 589 3000 1 2202 2203 3006 2205 2206 2207 1405 2208
3777 2987 719 3791 2052 2990 2053 2991 2054 1254 2058 1256 724 2997 1258 725 1259 585 587 589 1 2 3 5 3005 6 8 2060 1405 1407 2064 1408 1409 1265 733 1268
3291 3789 2987 1248 2988 2989 719 3930 3791 2052 2990 2054 1252 2993 1254 2057 1256 2059 2997 1259 585 586 588 1 2 2202 5 1260 1408 1262 1409 1263 2068 2069 1267 1269
4807 3791 2054 2055 2058 2059 586 587 1 3004 3005 6 1407 590 592 593 594 595 3014 3018 2078 2080 3029 2081 2085 1429 2087 3033 3034 3035 3037 900 2090 3039 2091 2092
4424 577 3791 2052 2053 2054 580 585 587 588 1 4 5 3005 6 7 1407 1408 1409 590 594 595 597 1410 3016 3019 2071 1416 2076 2078 1422 2080 2081 2087 2088 3033
1018 2987 1248 2988 1249 3930 3932 3936 3792 1251 3794 1253 720 2993 1254 1256 2997 1259 587 589 2202 5 2203 3007 2206 2060 1405 1260 3948 1407 2064 1408 1262 2067 1266 1267
3506 1249 719 3791 2990 3793 2054 1252 720 2058 1257 724 2997 1258 725 1259 586 587 588 589 1 3 2203 1401 6 3006 2204 2206 9 1405 2208 3948 1261 2064 1262 1409
3310 2987 575 2053 2054 1257 724 2997 1258 1259 586 587 1 3 6 3006 2060 9 1405 1407 1409 1265 733 1268 590 736 593 597 2072 1274 741 1275 743 1278 748 3020
2180 2987 1248 1249 575 3933 3936 1250 3793 2054 1253 2995 724 2997 1258 725 587 588 1 2 3 3004 2202 2203 3006 3008 2206 2208 1260 1407 1261 1408 2065 2066 2069 1267
880 719 3937 2053 3793 2054 1253 1254 2995 2058 1256 724 2997 725 1259 728 585 586 588 1 4 6 9 1408 1409 1266 1268 1269 590 736 737 593 597 599 1411 3016
6015 2053 2054 3795 580 586 587 588 1 3 3006 2062 1408 2065 1409 2067 2068 2069 590 593 594 596 597 599 3011 1411 2070 2072 1419 2076 3020 3022 3028 2080 2081 2082
2014 2987 2989 719 575 3930 1250 2990 2053 2054 720 2993 2057 2996 2059 724 2997 725 585 586 587 588 2 4 5 6 7 8 3945 2060 9 1405 1407 1261 1408 2065
2105 719 575 577 3936 3791 2990 2053 3793 3794 2057 3797 2996 2059 724 2997 1258 1259 585 586 587 588 1 2 3004 5 3943 3006 8 3948 1407 3949 736 592 593 594
2819 1248 574 3932 3937 2990 1251 3793 2991 1253 2993 3798 1258 1259 587 589 2202 3005 2203 6 2206 2060 2208 1407 1261 3949 2064 2065 1263 1264 2067 1265 733 1267 736 737
4646 574 2054 3794 2058 1 3002 4 3006 1404 2064 1408 592 597 599 1411 1413 3018 2070 3019 2071 2076 3020 1428 1429 3033 3037 3039 903 904 905 910 912 913 1447 1449
5811 3791 2054 585 587 588 589 3000 2 3 3004 5 6 7 2064 1408 2065 2067 2069 590 592 595 597 1410 3016 1413 2072 1416 2076 2077 2080 2082 3033 3037 900 901
6035 571 2053 2058 588 4 3005 6 3008 1405 1407 2064 1408 2065 2069 590 592 593 594 599 3014 3015 3016 1412 1413 3018 3019 2071 2075 1419 2077 3022 3024 3028 2080 3029
709 2987 1248 719 3937 3793 2054 1253 720 2993 2995 2058 724 2997 1258 728 585 586 587 588 589 3000 1 2 2201 2202 2203 6 2206 2060 3946 1405 3948 1407 2064 1409
4311 2054 2058 3798 585 586 587 589 1 2 3 3005 6 3006 7 2060 1405 1407 2064 592 593 597 3016 3018 2076 2078 3024 1422 2080 2081 2088 3033 3039 1439 3040 3042
1646 2987 1249 2051 2990 2053 3793 2991 2054 1253 2995 2058 724 1258 725 1259 588 3 1401 6 3943 7 1405 3948 1408 1265 1266 733 1268 590 592 593 3016 2072 1270 1272
4978 574 2050 2051 3791 580 588 3000 2 3 1405 2064 2065 2067 590 594 595 3013 1411 1416 2078 3020 3024 3027 2080 2081 2085 2087 3033 3034 3035 901 3039 902 903 2093
2776 2987 719 577 2050 2990 2054 1257 724 1259 585 586 587 588 2 3 5 3005 3006 7 3948 1407 1408 1409 1265 733 590 737 592 593 595 597 1410 2072 1270 1271
5025 2051 3791 2053 2054 586 587 588 589 1 2 3004 5 3006 7 9 1408 2067 592 593 594 595 596 597 3015 3016 2071 2076 2077 2078 3020 1422 2080 2081 2082 2087
2303 2987 3932 2053 3793 2991 2054 1252 1253 2058 2996 724 2997 728 586 589 1 2 3 3005 6 3006 9 1405 1407 1408 2065 1409 1263 2067 1265 732 1266 736 737 592
4385 574 3791 2052 2053 3793 2054 586 587 588 589 3000 1 2 1401 3007 1407 1408 2065 2068 593 597 3010 3016 2076 2078 3020 3021 3024 1422 2080 2082 2085 2087 3033 3036
351 2987 1179 648 2120 2123 2125 2126 2053 3793 2054 1180 2058 1256 1183 650 724 2997 1185 725 1259 1186 653 1187 586 588 589 1 3004 5 3005 2130 1401 7 2133 2060
5045 3791 2054 2058 585 588 589 1 2 2060 9 1405 1407 2064 1408 590 593 595 596 597 599 1413 3018 2070 1414 3019 2076 2078 2081 2083 2088 3036 3038 3039 903 904
530 2987 575 3791 2052 2053 3793 2054 2058 3798 724 2997 1258 1259 726 585 586 587 1 2 3 5 3006 7 1407 2064 1408 1409 733 590 592 594 596 597 1410 3952
1675 2987 719 575 3937 2052 2053 3793 3797 2995 2058 3798 2059 724 2997 1258 1259 585 587 588 589 3000 2 3 3004 5 3005 8 2060 1405 3948 1407 1261 733 590 736
1050 2987 719 3793 2054 1255 2995 3798 2996 2059 1257 724 2997 1258 1259 585 586 587 588 589 1 2 3 3004 3005 1407 1409 1265 1266 733 1268 1269 590 736 592 593
2506 2987 1249 3935 3793 1254 1256 1257 2997 1258 581 728 585 587 589 3000 6 1405 1260 1407 3949 2064 2065 1263 2066 1264 2067 1265 1266 733 1267 590 592 594 595 596
3162 2987 1249 3791 1250 3793 2991 2054 1253 720 2993 2057 2058 3798 2059 1257 724 2997 1258 1259 728 585 586 587 588 3 2202 6 7 2060 1405 1407 1261 2064 1408 1262
3625 2987 716 2050 2053 3793 2991 2054 2058 3798 1257 724 1258 1259 586 587 3000 1 2 3 3005 6 9 1405 1407 1261 1408 1266 733 1268 736 737 592 593 594 595
5099 3789 3791 2053 3793 2054 586 588 589 1 2 4 5 3007 2064 2065 1409 2067 592 593 595 596 599 3011 3015 2070 3019 2071 2072 2074 2075 2076 2079 1422 2080 2081
1957 2987 719 2050 2051 3791 2990 2991 2054 2992 3798 1257 1258 1259 585 587 588 589 1 2 3 4 3004 5 3005 7 9 1405 3948 1407 3949 1409 1265 733 1268 590
2906 577 2050 2051 3791 2052 1252 2993 2057 2995 3798 724 2997 725 586 587 589 2202 5 7 2206 9 2208 3948 1407 1262 1409 2067 1265 1266 733 1267 590 736 592 593
3674 2987 2989 574 2051 2052 1250 2990 3793 2991 2054 1252 1254 2058 3799 2997 1258 585 586 587 588 589 1 3004 5 7 2060 1405 1260 1261 2064 1262 2065 1409 1263 2067
5393 574 2051 3793 3794 3795 2058 583 585 586 587 588 589 1 3 3006 3007 1405 2062 1407 1408 592 594 595 596 597 3019 2076 2078 3020 1422 2080 1425 2083 1429 3033
5635 578 3793 583 586 587 589 1 6 3006 2060 1408 1409 2067 590 593 3010 3016 1414 2072 2073 2076 2078 3028 2080 3029 1429 3030 3032 3033 3035 3037 3039 904 2097 909
4040 719 2053 2054 2995 1257 1259 585 587 588 589 2 3 5 3005 6 1405 1261 1408 1409 1265 733 1268 735 736 737 596 597 3013 3016 1274 741 1275 743 1278 748
868 2987 719 2050 2991 2995 2058 3798 724 3799 2997 1258 1259 587 588 589 1 3001 2 3004 5 3942 7 3008 2060 1405 3948 1407 1261 2065 1409 1265 592 593 594 595
1732 1249 3930 3793 1252 3794 720 3795 2993 3796 1255 3798 724 1258 1259 589 3000 1 2 3002 3 6 3943 3006 3007 1405 3948 1261 1265 1266 733 592 593 3950 3951 1411
5332 3790 3791 3793 2058 3798 2059 585 586 588 3004 7 2062 1407 1409 590 592 593 594 596 597 1416 1417 2076 2080 2081 2082 2084 2085 2087 2088 3033 2090 2091 902 904
3400 2989 719 3937 3791 1250 2053 1252 2993 1254 3799 1258 1259 588 589 2 3 7 3945 1262 1409 1263 1265 1266 733 1267 736 737 592 594 595 596 597 3014 3015 3016
5613 2058 588 589 1 2 6 1405 1407 2064 2065 1409 2067 2068 590 592 597 3016 3017 3018 2070 1414 3019 2072 2076 2081 2088 3032 3033 3034 3036 903 2093 908 2099 3044
3271 2989 3937 3791 2052 1250 2990 2991 1252 1253 2058 1256 3798 2059 724 1258 586 589 1 3004 3005 6 1408 1263 1265 1266 733 1267 590 592 593 594 595 596 597 3018
4084 2987 577 2050 3791 2052 2990 3793 2054 3797 2058 3798 2996 1257 1258 725 1259 586 587 588 589 1 2 4 6 7 3007 2060 1404 3948 1408 2065 1265 1268 590 736
2664 1249 570 3930 3932 2050 2051 2990 2991 2054 2993 2057 1256 1259 585 587 588 589 1 2 3 2202 5 1401 6 2060 1405 1406 2063 1261 2064 1408 1262 2065 1263 1265
3066 2987 574 3792 3798 2996 2059 724 2997 1258 580 587 589 1 2 3 3005 6 2062 3948 1407 1408 2065 1409 1264 2067 1265 1266 1268 736 593 595 597 1411 3016 3018
481 1248 719 2050 2051 3791 1250 3793 2054 1252 2055 2058 1256 1257 724 2997 1259 585 586 589 3 6 7 2060 3948 1407 1261 1408 1263 2067 1266 733 590 736 737 592
5255 2050 2052 2053 2057 2058 585 586 587 589 1 3 4 5 6 3006 7 3007 1408 2067 590 593 594 595 596 597 1410 3019 2072 1416 2078 3020 1422 2080 3029 2081
5787 2052 2053 2055 2058 585 586 587 589 4 5 2060 1407 2064 1409 592 597 3013 3016 3017 3018 2072 3020 3026 2088 3031 1431 2094 1438 2095 1439 2097 3040 3041 3043 3044
3470 2987 1249 719 3790 3791 2054 2995 2996 1257 2997 1258 1259 585 588 589 3000 1 3 3004 5 3005 6 3006 7 2060 3946 1405 1260 3948 1407 1261 3949 1408 1263 1266
194 1175 1178 719 648 575 2122 1320 1321 3863 2124 2125 2053 3793 2054 1252 3867 1253 720 3868 1254 3796 2994 2995 1183 1184 2997 1259 587 589 3000 1 2 6 3007 8
1382 2987 1248 1249 2989 719 2052 2990 2991 2054 720 1254 2058 1256 1257 2997 1258 1259 585 586 587 588 1 2202 1401 3006 7 2206 3948 2064 1408 2065 1409 1263 2067 1265
3828 2987 3791 3794 2058 1257 724 2997 1258 2998 1259 581 728 585 587 589 4 3005 2203 6 7 3008 2062 1260 1407 3949 1265 733 1268 1269 736 593 597 1410 3016 3018
3791 715 570 2989 719 1250 3793 1253 2058 3798 1257 1258 725 1259 586 587 588 589 3000 2 3 5 1401 9 1405 2063 1407 1408 1409 1265 733 737 593 594 595 597
4237 2050 2051 3791 3793 2054 2058 585 1 3 6 9 1405 1407 2064 1408 590 592 593 597 3018 2076 3020 3024 3029 2082 1429 3032 3033 3035 3036 3039 904 2095 2097 908
5626 585 587 588 589 1 2 3005 6 7 1407 2064 2065 590 594 596 599 3013 3015 3018 2076 2078 1421 3028 2080 2081 2085 1429 2087 3034 3035 3036 2090 3039 902 2092
2528 2987 719 2052 1250 2053 3793 2991 2054 1253 720 2057 3799 1258 1259 586 589 1 2 3 7 1405 3948 1408 1262 1409 1263 2067 1266 733 590 736 592 593 596 597
1339 2987 1249 719 3930 3932 2990 3793 2054 1252 1253 1254 2058 724 1258 1259 588 589 1 2 4 2203 6 3006 2208 1407 1261 1408 2065 1263 2067 1265 733 1267 1269 590
5110 573 587 588 589 4 1401 7 1406 1408 2068 2069 590 594 595 3015 3018 1414 3019 1416 2075 3020 2080 2081 2085 2088 3036 900 3039 902 903 904 2099 909 1440 3045
1316 2987 1248 3791 2990 1251 3793 2991 2054 3796 2995 3798 2059 724 2997 586 587 588 2 3005 1401 3006 1261 1262 1263 1264 2067 1265 590 592 593 594 595 597 3952 3018
1612 2987 2989 719 2990 3793 2991 1252 2993 2058 3798 1257 2997 587 589 1 3 3006 2060 1407 1408 2067 1266 736 592 593 594 595 596 2072 1270 1271 2076 1275 2078 1276
2856 2987 3930 3932 3937 3791 2991 1252 2992 1253 2058 724 1258 587 589 2 3005 1401 6 9 1261 1262 1263 1266 1267 1268 590 736 593 3013 3015 1411 3016 3017 3018 3019
215 647 574 3932 1321 2124 2051 2052 1250 2053 2991 2054 1252 3868 1254 3869 2997 1258 1185 1186 1187 585 586 587 588 589 3 2130 3870 7 3871 2133 2060 3873 3874 2136
1634 1249 2989 3930 2050 3936 2051 3791 1250 2990 2991 1253 720 2993 1254 1256 2059 2997 1259 586 587 588 3000 2 2203 6 7 2060 9 1405 1260 1407 1261 2064 1408 1265
3704 3789 2987 2988 1249 574 3791 1250 1251 2054 1252 720 2058 1256 2059 1258 725 1259 581 728 586 589 1 1401 3006 1407 2064 1262 2065 1263 1265 1266 2069 590 736 593
2792 2987 2989 3791 1250 1252 2058 2059 2997 1258 1259 585 587 3 3004 2202 3005 1401 6 1404 1407 1408 1262 2065 1264 1265 1266 733 1267 1268 1269 592 594 596 597 3019
301 2987 719 648 2120 2122 1320 2124 2052 2053 1251 2054 3868 2058 1183 1257 724 2997 1259 585 588 2 5 6 3006 2133 2060 9 1405 1333 3948 1407 1261 1408 802 1265
3649 3789 1248 719 1250 2991 1254 2995 2058 1259 585 586 587 588 1 5 3005 6 3006 9 1405 2064 1408 1262 1409 1263 1265 1266 733 1269 590 592 593 595 597 1270
4681 2055 581 588 589 3000 1 1401 6 1404 2064 1409 590 592 593 594 595 596 1411 1412 2076 2078 1422 2080 2081 1425 2085 2088 3033 3035 3036 902 903 904 2094 908
1836 2987 716 2989 3937 2990 3793 2991 2054 1252 720 1257 2997 1258 1259 585 587 589 2 6 3006 2204 7 3007 1404 1407 1261 3949 2064 1408 1265 733 590 736 592 593
4481 2053 2054 2057 2058 585 586 587 588 589 1 2 3005 6 3006 1407 2064 2065 1409 2069 590 592 593 595 596 597 2070 3019 1419 2076 2078 3020 1422 2080 2081 2082
1424 2987 719 575 577 3790 2052 2053 3793 2054 3794 1253 2995 3798 2997 1259 586 588 589 2 2202 6 3945 3008 2206 1405 3948 1407 3949 1267 736 592 593 594 595 596
1736 2987 2989 719 574 3791 2990 2053 2054 2058 2059 724 2997 1258 585 587 588 589 2 5 3005 3006 2060 1405 1407 1261 1408 733 1268 736 593 595 597 3952 3016 3017
838 2987 1248 3790 3937 1250 3793 2054 1254 2997 1259 588 589 3000 1 1401 6 7 3007 1405 1260 3948 1407 1408 1262 1264 1265 1266 733 1267 1268 592 593 594 596 3019
1834 1249 2989 3930 2990 1251 3793 2054 1252 1256 1257 2997 1259 587 588 589 1 2203 1401 7 1407 1408 1263 1265 733 1267 1268 590 592 593 595 597 3016 3017 1414 3019
1631 3936 3791 1251 2991 1252 1253 720 2993 1256 2997 581 728 589 3000 3006 1405 2208 1260 1261 2064 1408 2065 1263 1264 2067 2068 733 2069 1267 590 736 593 594 595 596
4082 1248 2989 574 3791 2991 1252 1253 2058 1256 1259 586 587 589 3005 2203 6 7 2206 1408 1265 1266 1267 1269 590 736 593 594 597 599 3014 1276 2080 3029 1282 1283
1578 2987 3791 1250 2990 2053 3793 2991 2993 3798 1257 2997 1258 1259 585 586 587 588 589 4 3005 1401 6 3006 3007 1405 1407 3949 2064 1262 2067 1265 1266 590 736 592
4020 2989 3792 2054 1252 1253 2993 1254 2058 1256 1259 586 587 588 589 2 2203 2205 2060 1260 1261 1408 1262 1409 2066 1264 1265 1266 733 1267 1269 590 737 592 594 595
244 2987 1248 2988 648 2120 2121 2124 3937 3791 2052 1250 2990 2126 3793 2991 2054 1252 1253 1327 2058 1329 1256 1257 724 1258 1185 1259 653 586 587 588 589 2 1401 3871
328 2987 1175 1179 719 648 3861 1320 3863 2052 2053 3793 2054 1252 3868 3869 1183 1259 1187 581 1188 728 586 587 588 589 1 2 4 3004 3005 1401 3006 2133 2134 2135
3028 2987 1249 719 3932 3791 2052 1250 2053 1251 3793 1252 720 2058 1256 1257 585 586 587 589 3000 2 4 3005 1401 6 7 3948 1262 1409 1263 2067 1265 1266 733 1267
5073 3793 3794 587 588 1 2 3002 3004 6 3006 2060 1404 1408 2065 2067 592 593 594 599 3015 2070 3019 2076 3020 3022 1428 3039 902 903 908 909 1441 1449 919 3052
769 2987 1249 2989 719 2052 1250 2990 2053 3793 2991 2054 2993 2995 2058 3798 1257 586 587 588 589 1 3 3941 6 2060 9 1407 1261 1408 1262 1265 1266 733 590 736
1898 2987 1248 2988 1249 1250 1251 2991 1252 1253 720 2993 1254 2057 1256 1257 2997 1258 1259 581 586 588 589 1 2 2206 2208 1260 2064 1408 1262 2065 1264 2067 1265 1266
1116 2987 1248 1249 3791 3793 2054 1252 1253 720 2993 2996 2997 1258 585 586 587 589 1 5 3005 2203 6 3006 7 2060 1260 1407 1261 1408 2065 1264 733 590 592 593
1450 1250 3793 2991 1252 1253 724 2997 1258 1259 587 589 2202 6 3006 3007 1408 1262 2065 1263 2067 1265 2069 590 592 593 594 595 597 3010 3952 3016 2070 1414 1270 1271
2108 2987 1248 575 3930 3932 3933 2051 2052 1250 2053 1252 2995 3798 2059 1257 2997 1259 585 587 1 2 3 2201 2202 3005 7 2206 1405 2208 1260 3948 1407 1261 1408 1409
5879 3791 3793 2059 585 586 587 3000 1 6 1407 2065 595 596 599 3016 1414 2076 2078 3022 2080 2081 2083 1429 3037 900 902 2096 2097 908 3040 3044 910 911 912 914
4956 575 2054 580 585 586 589 1 2 5 6 7 2060 1407 1408 590 592 593 594 595 597 2071 2072 1416 2078 3020 2081 2085 2087 2088 2089 900 902 903 1438 1439
4386 577 3793 2054 2059 586 587 588 589 7 1407 2064 2065 2067 590 592 593 594 595 596 597 1416 2077 2078 3028 2080 2081 2082 2083 2085 2089 3034 3037 2090 3039 2091
3998 2987 1249 2989 575 3791 2990 2053 3793 2991 1252 2995 2058 1258 589 1 2 3 6 2060 1405 1407 1261 1408 1262 1265 733 1267 590 736 737 592 593 597 3014 2072
1202 2987 1249 574 3791 2990 3793 2054 3795 2995 3798 724 2997 1258 585 586 587 588 589 3000 1 2 4 5 3006 7 3007 3948 3949 2064 1408 1409 2067 1265 1266 1267
5604 574 2050 2051 2052 2053 2054 2058 2059 585 587 588 589 1 2 3 6 1405 1407 1408 2065 1409 590 593 595 596 597 2072 2080 2081 2082 2083 2085 2086 2087 2088
1119 2987 719 2050 2051 2990 2053 3793 2054 1252 1253 720 2993 2057 724 2997 1259 585 586 587 588 589 3000 2 4 3006 1405 1261 1408 2067 1265 733 1269 736 592 594
4139 2987 1249 2989 718 719 2050 3791 2990 2053 2991 2054 2993 1257 724 1259 585 586 587 1 2 4 5 1401 6 2064 1262 1265 1268 590 736 592 593 594 595 597
2009 2987 719 575 3937 2052 2059 2997 1259 586 587 589 2 3005 6 7 2060 1405 3948 1407 1408 1262 1265 733 1268 590 736 592 593 595 1411 1270 2073 741 743 747
3409 2987 1248 3791 3793 720 2993 3798 2059 1258 1259 581 728 585 587 588 589 1 1401 3006 2206 3948 1407 3949 2064 2065 1409 1264 1265 1266 1267 736 592 593 595 596
5386 574 3793 2054 3794 581 588 589 1 3005 3006 7 3007 1407 2065 1409 2067 590 592 593 594 595 3015 2071 2076 2078 3022 2080 2081 2085 3037 900 901 902 903 1437
2091 3789 2987 1248 2988 1249 3930 3937 3791 1251 2991 2054 1252 1253 2993 1254 2058 1256 2997 1258 1259 586 587 588 589 1 2202 2204 7 3947 1260 2064 1262 2065 1264 1265
2543 3789 2987 1248 715 3932 1250 1251 3793 2991 1252 1253 720 1256 2997 1258 1259 581 728 589 1 3002 3 2202 2203 3006 2204 2208 1260 1261 2064 1408 1262 2065 2067 1265
3820 1248 1249 574 1250 1251 3793 1252 3794 720 1254 3798 2997 1258 1259 581 585 586 589 3000 1 3002 2202 3943 3006 2204 3007 1405 1260 3949 2065 1409 1265 2068 1266 733
4047 2987 719 577 2050 2051 2053 2054 2055 2996 1258 580 585 586 588 589 1 2 3 4 5 8 1408 1262 2067 1265 1269 590 736 592 593 594 595 596 597 1270
1421 2987 575 3930 2050 2051 2052 1250 3793 2991 2054 1252 2055 1253 2993 2057 1256 3798 1257 2997 1258 1259 586 587 588 589 1 2 5 3006 1261 2064 1408 1262 2065 1409
3490 2989 719 3791 3793 2991 2992 2995 1257 724 1258 1259 587 589 1 2 5 6 3007 1407 1261 1408 1265 590 736 592 595 597 3015 3016 3017 2072 1270 1271 2076 748
1265 2987 3791 1251 2054 3794 2058 2996 2059 1257 3799 1258 1259 581 728 585 586 587 3000 2 2203 3943 7 3945 3946 2208 2062 1260 3948 1407 3949 2064 2065 1264 1265 733
5432 2053 3793 2054 3794 581 586 587 589 1401 3006 1407 2064 2065 1409 590 597 3018 2071 2076 3020 3024 1422 2081 1425 1429 3039 903 2093 904 1438 2097 3044 1449 3052 3053
5510 2058 586 589 5 6 3006 2064 2067 590 592 597 3015 3020 1422 3029 2081 2082 1427 3035 1432 3037 901 903 904 2094 1438 905 2098 908 909 3044 910 912 913 914
508 2987 1249 716 575 577 2990 2053 3793 2054 2993 724 2997 1258 586 587 588 589 1 2 3 3004 3005 8 2060 1405 2062 1407 1409 733 1268 590 736 592 593 595
318 3789 1179 719 647 2120 2121 3861 2125 2126 3793 2054 2058 1183 3798 2059 3799 2997 1258 1259 726 1187 581 1189 728 586 587 589 3 5 1401 6 3006 7 2132 1260
2985 573 574 3790 3791 2990 2054 2058 3798 1257 2997 1259 580 728 586 587 589 3000 6 7 1407 3949 2065 1409 1265 1266 733 736 592 593 597 598 3951 1410 3952 3015
5219 2054 585 587 589 1 1401 6 3006 2064 1408 2069 592 593 3015 3016 3017 3018 1414 2076 3024 3029 2088 3033 3039 2091 2095 1439 2097 3040 3044 3048 1449 3055 921 924
5311 3789 3791 3793 2054 2058 585 586 587 588 589 1 2 5 1401 6 3006 1407 2065 1409 592 595 596 597 3014 1416 2073 2076 2080 2081 1425 1429 2088 1431 900 3039
5053 3792 3795 588 589 2 7 1407 2065 2066 2067 2068 592 593 594 595 3011 2070 2071 1416 3035 900 902 903 904 908 909 3044 910 912 913 1449 916 920 921 922
1263 2987 1249 574 3937 1250 2990 3793 2991 2054 1252 2993 2995 2997 1258 1259 728 587 588 589 3000 1 3 6 3006 3007 1404 1407 1261 1408 1262 1409 1263 2067 1265 1268
1469 2988 571 573 579 3936 3790 2053 3793 2054 724 1259 585 3 3004 3942 3005 3943 3006 3007 2205 8 3945 3946 3947 3948 3949 734 590 736 3010 3012 3950 3951 3014 3952
3767 2987 1248 1249 2989 3932 3791 2054 2995 3798 1257 724 2997 1258 585 586 587 588 589 3000 1 5 3006 3007 9 1405 3948 1407 1261 1263 1265 1266 736 592 593 594
3307 2987 719 2050 2051 2052 2990 2991 2995 724 1258 1259 585 587 589 1 2 3 1405 1261 1409 1265 733 1268 736 737 592 593 595 596 597 1411 3016 1271 1275 742
1883 3789 2987 1248 2988 3930 3932 1250 1251 3793 2991 1252 1253 1254 1256 2997 1258 1259 3000 1 2 2202 2203 3006 2204 2206 2208 1407 2064 1408 1262 1263 1264 731 2067 1265
3475 2987 2989 3791 1250 3793 1252 2992 2993 1254 2057 2995 724 1258 1259 589 1 3 1407 1261 1408 2067 1266 2069 1267 735 590 592 593 595 596 599 3011 3013 2211 2212
5915 2054 582 587 588 3005 1401 1407 1408 2069 590 593 596 599 3011 3016 3017 3018 1419 2076 3024 3028 2085 3030 3033 3037 3038 3039 902 903 904 905 906 2097 908 909
659 2987 1249 2989 3937 1250 2990 1253 1258 725 589 1 3005 1401 6 1408 1262 1409 2067 1265 733 590 736 737 592 597 1416 1270 2076 1276 743 747 3024 1422 750 2088
3933 2987 719 575 2052 2053 3793 2054 720 3797 2995 1256 3798 1257 724 1258 1259 586 587 588 589 1 2 3005 2203 7 2206 2060 1405 1407 1409 1265 1267 1269 736 597
4088 2987 574 3791 3793 2058 3798 2059 1257 2997 1258 1259 587 588 589 1 1401 6 3006 7 3007 1407 3949 2064 2065 1265 1266 733 1268 590 736 592 593 595 1410 3017
1811 2987 2989 2051 3937 3791 2990 2053 3793 2991 2054 2993 2057 2058 3798 724 2997 1259 587 588 589 7 2062 3948 3949 2065 1409 1265 733 2069 590 736 592 595 597 3952
4727 3791 3793 2058 581 585 587 588 589 3005 6 3006 7 2060 1405 1407 2064 1408 592 597 2078 1422 2080 2081 2082 2087 3033 3039 3040 3044 912 915 1449 916 918 3052
3609 2987 3930 3931 3932 3936 1250 3792 3793 1253 1254 2058 3798 2059 3799 588 589 2 5 2203 3945 2060 1405 2208 1260 3948 1408 1409 2066 1265 733 1269 737 593 595 596
2877 3789 2987 3932 2052 2990 2053 2991 2054 1252 1253 2993 1254 2057 2997 1259 580 728 586 587 588 589 3000 3 5 3005 1405 3948 1262 2067 1265 1269 592 594 595 596
983 3789 2988 719 3930 3932 1250 3793 2991 1252 1253 2993 2058 586 587 589 1 2 1401 3006 7 1405 3948 1408 1262 1409 1263 2067 1265 1266 733 1267 1269 590 736 592
4578 3792 3793 2054 3798 586 588 3000 1 7 1407 1408 2067 590 592 593 594 595 596 599 1411 1416 1417 2076 2077 2078 3022 2080 2081 2083 2084 2085 2087 2089 3034 3035
3588 2987 2989 2050 2051 3791 2052 1250 2990 2053 2991 2054 2055 1253 2993 2057 2058 1256 587 589 1 3 9 1405 1408 2067 1265 1266 590 592 599 2072 1270 1272 1274 1276
4304 3791 2053 3793 2054 3797 3798 589 1 3004 3005 1407 2067 590 596 3016 3019 1429 2088 3033 2091 903 2096 2097 908 3040 910 912 913 919 920 924 1459 2407 3064 2408
4731 2056 2057 2058 587 588 589 3000 3005 6 1407 1408 590 592 593 594 595 596 599 3016 3018 3019 2078 2080 3029 2085 1429 2087 2089 3034 2091 2092 904 2094 2096 2097
52 2987 1248 1175 1249 571 1179 2120 1320 3863 3793 2054 2058 724 1258 1259 1186 653 581 587 588 589 3004 1407 1261 1408 3877 2138 1190 1339 1266 1193 661 735 1196 736
1353 2987 715 1249 3790 2054 3797 3798 724 2997 1259 587 588 589 1 2 4 3943 7 3947 1407 1261 3949 1408 1266 733 1269 736 593 597 1271 1272 2077 1275 2078 1277
2076 2987 719 2051 3791 2052 2990 3793 2054 1252 3797 2995 2058 2059 1258 586 587 589 1 2 3006 8 9 1405 1407 3949 1409 1265 1266 590 737 592 593 596 597 1271
3561 2987 3791 2053 3793 1257 2997 1258 1259 586 587 588 589 1 3 4 3006 7 1405 3948 1407 1408 1409 1265 1266 733 2069 590 592 593 595 597 1410 3952 2072 1271
1942 1248 3933 1250 3939 3793 2054 1252 720 1256 1257 2997 725 1259 587 589 3000 1 2 1401 6 3006 3007 2060 1405 3948 1407 1261 2064 2065 1263 1265 1266 733 1267 1269
1111 2989 1250 2991 2054 1252 2992 720 2995 2996 2059 724 3799 2997 1258 1259 586 588 589 3000 1 2 1401 6 3943 7 1405 3948 1407 2064 1408 2067 1265 1266 733 590
4015 2987 2988 719 3791 1250 3793 2991 1252 1253 2993 1254 1259 586 587 588 589 2 2202 1401 6 2206 2208 1262 1409 1263 2067 1265 1266 733 2069 736 592 593 595 3011
1302 1248 1249 574 1250 2990 2991 1252 1253 1254 2058 1256 2997 1258 585 587 589 1 2 6 3007 2060 1405 3948 1407 2064 1408 1262 1265 1266 733 1267 1268 590 736 592
5762 2054 2059 581 586 587 588 589 6 3006 3007 1405 1407 2064 2065 2066 2067 590 592 595 596 597 3016 1414 3019 1416 1420 2080 2081 2085 1429 2088 3030 3033 3038 3039
698 719 575 2052 3793 2054 1252 2058 2996 2059 2997 1258 586 588 589 1 2 3 1401 6 3006 2205 9 2207 1407 2064 1408 1265 733 1269 590 736 593 595 3018 2072
542 2987 2990 3793 1257 724 725 1259 586 589 1 3 4 6 2060 1405 1407 1261 731 1265 733 736 737 593 596 597 3018 1270 1271 1419 1275 2078 1276 1278 748 3020
201 2987 2989 1179 719 3932 3861 2122 1321 2124 3864 3791 1250 2990 2126 3793 2054 3868 3869 1258 586 587 588 589 1 3 5 3942 6 1405 1334 1408 1265 805 1339 1193
3841 2987 2989 3932 3791 1250 1252 2058 1256 2997 1258 728 585 589 1 2 2202 6 8 1405 1261 2065 1265 2068 735 593 594 3018 1414 3019 1270 1271 2074 1272 2076 742
3680 2987 2989 3791 1250 3793 1254 2058 2997 1258 1259 585 586 587 588 589 3000 1 3005 3948 1407 1408 1265 1266 733 1267 590 592 593 597 3952 3016 2072 1270 1271 1272